Pontos avaliados pelo BOBYQA no two_dim_problem
Metodo = NLopt.LN_BOBYQA
tmax = 5.0
x0 = [0.1, 0.2]
lb = 0.0 | ub = 0.5
rhobeg = 0.05 | rhoend = 0.001 | maxeval = 500

iter	f	x1	x2
0	1.7952092908188053	0.1	0.2
1	1.6824784981343572	0.15000000000000002	0.2
2	3.380000000000001e56	0.1	0.25
3	3.380000000000001e56	0.05	0.2
4	0.3602653269492539	0.1	0.15000000000000002
5	0.7168656640834575	0.125	0.17500000000000002
6	0.4075214538667171	0.10649013303727152	0.17414287002737075
7	0.27974406369800936	0.095	0.15500000000000003
8	0.34336111516447565	0.08933354526643024	0.14385812893844105
9	0.31202879274514955	0.10037419175481287	0.15959543936773204
10	0.3137014406123828	0.09633511094737321	0.15172624393727874
11	0.26836174821908093	0.0948329325347195	0.1567598546707171
12	0.25032526963139434	0.09326136833599633	0.1575692902575871
13	0.21639185788360768	0.09001231683605262	0.15896344388997977
14	0.15935057057801624	0.0831343359404648	0.16060459555875659
15	3.380000000000001e56	0.06911019249323025	0.16242761518876278
16	0.17218403080916905	0.08375425687306134	0.15892994889672502
17	0.1805428072425057	0.08820609341465026	0.1655317931520183
18	0.1472700540813692	0.08234133114175152	0.16213869256885458
19	0.15098117738539243	0.08434217605225784	0.1650535887323741
20	0.1608489189572378	0.08374070912231368	0.161097447705697
21	0.15546308674537215	0.0839869511812432	0.16278439736643885
22	0.1410742272527232	0.08134156947430762	0.1621605239295496
23	0.14341664682236033	0.08098446040692484	0.1612264612367966

Resumo final
status_bobyqa = SUCCESS
f_final = 0.1410742272527232
x_final = [0.08134156947430762, 0.1621605239295496]
avaliacoes_bobyqa = 24
avaliacoes_nlopt = 24
