Metodo = BFGS
tbeg = 0.0 | tend = 31.0 | dim = 2
x0 = [0.087, 0.1]
lower = [0.0, 0.0]
upper = [0.5, 0.5]
rmsd_tol = 0.09
grad_tol = 0.001

iter	f	x1	x2
0	17.442585168799756	0.087	0.1
1	3.380000000000001e56	2.512496759168694	430.4637000292416
2	17.350118837037204	0.0870012138825407	0.10021538308787396
3	7.102644082705933	0.08724503775628475	0.14347783811416684
4	3.380000000000001e56	-168.64987441138132	67.55673062213685
5	7.090250486954652	0.08717186920071963	0.14350707015480055
6	3.380000000000001e56	0.031142771023516765	0.1658916158375253
7	3.380000000000001e56	0.059157320112118196	0.15469934299616292
8	3.380000000000001e56	0.07316459465641892	0.14910320657548173
9	3.380000000000001e56	0.08016823192856927	0.14630513836514114
10	3.380000000000001e56	0.08367005056464445	0.14490610425997086
11	3.380000000000001e56	0.08542095988268204	0.14420658720738572
12	3.380000000000001e56	0.08629641454170084	0.14385682868109312
13	3.380000000000001e56	0.08673414187121023	0.14368194941794685
14	3.380000000000001e56	0.08695300553596493	0.1435945097863737
15	7.071743325181801	0.08706243736834228	0.14355078997058712
16	3.380000000000001e56	0.08695300553596493	0.1435945097863737
17	3.380000000000001e56	0.0870077214521536	0.14357264987848042
18	7.067121159456236	0.08703507941024795	0.14356171992453376
19	3.380000000000001e56	0.0870077214521536	0.14357264987848042
20	7.06481066662807	0.08702140043120077	0.1435671849015071
21	3.380000000000001e56	0.0870077214521536	0.14357264987848042
22	3.380000000000001e56	0.08701456094167719	0.14356991738999375
23	7.0642332467556095	0.08701798068643898	0.14356855114575043
24	3.380000000000001e56	0.08701456094167719	0.14356991738999375
25	7.063944887560535	0.08701627081405809	0.14356923426787208
26	3.380000000000001e56	0.08701456094167719	0.14356991738999375
27	3.380000000000001e56	0.08701541587786764	0.14356957582893293
28	7.063873123937528	0.08701584334596286	0.14356940504840252
29	3.380000000000001e56	0.08701541587786764	0.14356957582893293
30	7.063837649238943	0.08701562961191525	0.1435694904386677
31	3.380000000000001e56	0.08701541587786764	0.14356957582893293
32	7.063820553873678	0.08701552274489144	0.1435695331338003
33	3.380000000000001e56	0.0850971539781949	0.15170644941187794
34	3.380000000000001e56	0.08605633836154317	0.14763799127283914
35	3.380000000000001e56	0.0865359305532173	0.14560376220331972
36	3.380000000000001e56	0.08677572664905438	0.14458664766856
37	3.380000000000001e56	0.0868956246969729	0.14407809040118016
38	3.380000000000001e56	0.08695557372093217	0.14382381176749023
39	3.380000000000001e56	0.08698554823291181	0.14369667245064527
40	3.380000000000001e56	0.08700053548890162	0.14363310279222277
41	3.380000000000001e56	0.08700802911689653	0.14360131796301154
42	3.380000000000001e56	0.08701177593089399	0.14358542554840592
43	3.380000000000001e56	0.08701364933789271	0.14357747934110313
44	3.380000000000001e56	0.08701458604139208	0.14357350623745171
45	3.380000000000001e56	0.08701505439314175	0.143571519685626
46	3.380000000000001e56	0.0870152885690166	0.14357052640971316
47	3.380000000000001e56	0.08701540565695402	0.14357002977175673
48	7.063798839328142	0.08701546420092272	0.14356978145277852
49	7.067328711671335	0.08739441199430405	0.16095861596568398
50	6.800172920894903	0.08720726283603525	0.15237087433159838
51	6.800012928880825	0.08720285219718098	0.15217250215003755
52	6.799996131146946	0.08720241171171264	0.15215691943614404
53	6.799946096813968	0.08720064976983931	0.15209458858057004
54	6.799757938931693	0.08719736062929274	0.15201257120855097
55	6.7987527406703006	0.0871818876430244	0.15173423546477943
56	3.380000000000001e56	0.08715233686153948	0.15138136953085485
57	3.380000000000001e56	0.08716711225228194	0.15155780249781714
58	3.380000000000001e56	0.08717449994765317	0.1516460189812983
59	3.380000000000001e56	0.08717819379533878	0.15169012722303887
60	6.79859305131779	0.08718004071918159	0.15171218134390915
61	3.380000000000001e56	0.08717819379533878	0.15169012722303887
62	6.798515353893758	0.08717911725726019	0.151701154283474
63	3.380000000000001e56	0.08717819379533878	0.15169012722303887
64	3.380000000000001e56	0.08717865552629948	0.15169564075325642
65	6.79849736929838	0.08717888639177983	0.15169839751836522
66	3.380000000000001e56	0.08716985528722722	0.15173932378233565
67	3.380000000000001e56	0.08717437083950352	0.15171886065035045
68	3.380000000000001e56	0.08717662861564167	0.15170862908435784
69	3.380000000000001e56	0.08717775750371075	0.15170351330136153
70	3.380000000000001e56	0.08717832194774529	0.15170095540986336
71	3.380000000000001e56	0.08717860416976256	0.1516996764641143
72	3.380000000000001e56	0.0871787452807712	0.15169903699123977
73	3.380000000000001e56	0.08717881583627551	0.1516987172548025
74	6.798491724374953	0.08717885111402766	0.15169855738658386
75	3.380000000000001e56	0.08718310222555437	0.15193459711813326
76	3.380000000000001e56	0.08718097666979102	0.15181657725235856
77	6.798273547784544	0.08717991389190934	0.1517575673194712
78	6.813501580970128	0.08723002886003793	0.1543844334084955
79	6.797458390089236	0.08718999861439158	0.15228617616619058
80	6.797448531007166	0.08718922492605287	0.15224641204145395
81	6.797443367487907	0.08718889940570364	0.15223101171608647
82	6.797422845672691	0.08718798064854964	0.15219192111942106
83	3.380000000000001e56	0.087186871586548	0.15215336009560326
84	3.380000000000001e56	0.08718742611754882	0.15217264060751218
85	6.797414594761877	0.08718770338304924	0.1521822808634666
86	6.797405349197825	0.0871882357199199	0.15220960181922108
87	6.797393327314621	0.08718926279142972	0.1522679311916055
88	6.797393457660769	0.08718915561893524	0.1522614296227539
89	6.79739319007362	0.08718920570090916	0.1522644678220908
90	6.797393095804229	0.08718911035841352	0.15225938352036889
91	6.797393086000989	0.08718913786966162	0.1522609094196702
92	6.797393085959554	0.0871891396512021	0.1522610090261177
93	6.797393085959463	0.08718913967291687	0.1522610100575208
94	6.797393085959508	0.08718913966728248	0.15226100977050944

Resumo final
status = convergido
f_final = 6.797393085959508
RMSD = 0.14181195447434203
avaliacoes = 95
tempo_s = 2258.806614
x_final = [0.08718913966728248, 0.15226100977050944]
maxiter = 100
grad_tol = 0.001
x_abstol = 0.0
linesearch = QuadraticBacktracking
gradientes = 95
gnorm = 3.171919312227431e-6
