Metodo = BFGS
tbeg = 0.0 | tend = 31.0 | dim = 2
x0 = [0.2, 0.1]
lower = [0.0, 0.0]
upper = [0.5, 0.5]
rmsd_tol = 0.09
grad_tol = 0.001

iter	f	x1	x2
0	43.61847129981167	0.2	0.1
1	3.380000000000001e56	-401.5944503855506	171.0671008746245
2	43.523115598860976	0.19979894602763637	0.10008555024774822
3	3.380000000000001e56	0.018851372377262546	0.17708034708383347
4	3.380000000000001e56	0.018851372377262567	0.17708034708383347
5	11.36731470770273	0.10932515920244947	0.13858294866579085
6	3.380000000000001e56	-57.61255220530976	-80.48101753900684
7	11.3628340276063	0.10929755130240366	0.13854438897276597
8	10.846416710701114	0.10274249431855684	0.12938900284638602
9	3.380000000000001e56	0.025332248491253387	0.17442389562619603
10	3.380000000000001e56	0.06403737140490512	0.15190644923629104
11	3.380000000000001e56	0.08338993286173098	0.14064772604133852
12	8.675591691740381	0.0930662135901439	0.13501836444386228
13	3.380000000000001e56	0.03427573089756132	0.17149939447499077
14	3.380000000000001e56	0.06367097224385261	0.1532588794594265
15	3.380000000000001e56	0.07836859291699826	0.1441386219516444
16	3.380000000000001e56	0.08571740325357108	0.13957849319775334
17	7.921395837561979	0.08939180842185748	0.1372984288208078
18	3.380000000000001e56	0.08571740325357108	0.13957849319775334
19	7.562430694228502	0.08755460583771428	0.1384384610092806
20	3.380000000000001e56	0.08571740325357108	0.13957849319775334
21	3.380000000000001e56	0.08663600454564269	0.13900847710351696
22	7.474591074509469	0.08709530519167848	0.13872346905639876
23	3.380000000000001e56	0.035061826164505955	0.17332333119086452
24	3.380000000000001e56	0.061078565678092216	0.15602340012363164
25	3.380000000000001e56	0.07408693543488534	0.1473734345900152
26	3.380000000000001e56	0.08059112031328192	0.14304845182320697
27	3.380000000000001e56	0.08384321275248019	0.14088596043980287
28	3.380000000000001e56	0.08546925897207934	0.13980471474810083
29	3.380000000000001e56	0.08628228208187891	0.13926409190224978
30	3.380000000000001e56	0.08668879363677869	0.13899378047932429
31	3.380000000000001e56	0.08689204941422858	0.1388586247678615
32	7.454805918624658	0.08699367730295353	0.13879104691213015
33	3.380000000000001e56	0.08689204941422858	0.1388586247678615
34	7.444926653980177	0.08694286335859105	0.13882483583999583
35	3.380000000000001e56	0.08689204941422858	0.1388586247678615
36	7.439989811574329	0.08691745638640982	0.13884173030392868
37	3.380000000000001e56	0.08689204941422858	0.1388586247678615
38	3.380000000000001e56	0.0869047529003192	0.1388501775358951
39	7.438755972391321	0.08691110464336452	0.1388459539199119
40	3.380000000000001e56	0.0869047529003192	0.1388501775358951
41	7.438141195402461	0.08690792877184186	0.13884806572790348
42	3.380000000000001e56	0.0869047529003192	0.1388501775358951
43	3.380000000000001e56	0.08690634083608052	0.1388491216318993
44	3.380000000000001e56	0.08690713480396119	0.1388485936799014
45	3.380000000000001e56	0.08690753178790152	0.13884832970390243
46	3.380000000000001e56	0.08690773027987168	0.13884819771590295
47	3.380000000000001e56	0.0869077302798717	0.13884819771590295
48	3.380000000000001e56	0.08690782952585678	0.13884813172190322
49	7.438132723992924	0.08690787914884932	0.13884809872490336
50	3.380000000000001e56	0.08673561346599819	0.1545145304745116
51	3.380000000000001e56	0.08682174630742374	0.14668131459970749
52	3.380000000000001e56	0.08686481272813654	0.14276470666230542
53	3.380000000000001e56	0.08688634593849293	0.1408064026936044
54	3.380000000000001e56	0.08689711254367112	0.13982725070925386
55	3.380000000000001e56	0.08690249584626021	0.1393376747170786
56	3.380000000000001e56	0.08690518749755477	0.139092886720991
57	3.380000000000001e56	0.08690653332320204	0.13897049272294718
58	3.380000000000001e56	0.08690720623602567	0.13890929572392527
59	3.380000000000001e56	0.0869075426924375	0.13887869722441432
60	3.380000000000001e56	0.08690771092064341	0.13886339797465885
61	3.380000000000001e56	0.08690779503474635	0.1388557483497811
62	3.380000000000001e56	0.08690783709179783	0.13885192353734224
63	3.380000000000001e56	0.08690785812032358	0.1388500111311228
64	7.438040470948867	0.08690786863458645	0.13884905492801308
65	3.380000000000001e56	0.09554301791696573	0.5014480589086447
66	6.811966463450966	0.08718739025239214	0.15058646176291499
67	6.803791623040591	0.08722231147327818	0.15205345637173767
68	6.803778867144589	0.08722362840108529	0.15210920686168403
69	6.803776928911395	0.08722372690874598	0.15211384233171127
70	6.8037706851156186	0.08722412093938875	0.1521323842118203
71	6.803740581347058	0.08722479771222022	0.15217112356560158
72	6.803627542589079	0.08722591052763308	0.15226299283437988
73	6.803365413771915	0.08722631112068067	0.15239424985742114
74	6.802645458982726	0.08722379715694425	0.15261918799229904
75	6.800795438531445	0.08721154177129968	0.15297992312800804
76	3.380000000000001e56	0.08716986348508013	0.15357722875654956
77	3.380000000000001e56	0.0871907026281899	0.1532785759422788
78	3.380000000000001e56	0.0872011221997448	0.15312924953514342
79	6.800060720949575	0.08720633198552223	0.15305458633157573
80	3.380000000000001e56	0.0872011221997448	0.15312924953514342
81	3.380000000000001e56	0.0872037270926335	0.15309191793335958
82	6.799882943603299	0.08720502953907787	0.15307325213246764
83	3.380000000000001e56	0.0872037270926335	0.15309191793335958
84	6.799795397074922	0.08720437831585569	0.1530825850329136
85	3.380000000000001e56	0.0872037270926335	0.15309191793335958
86	6.79975559412484	0.0872040527042446	0.1530872514831366
87	3.380000000000001e56	0.08719801416839036	0.15287989773721022
88	3.380000000000001e56	0.08720103343631748	0.15298357461017342
89	3.380000000000001e56	0.08720254307028104	0.153035413046655
90	3.380000000000001e56	0.08720329788726282	0.1530613322648958
91	3.380000000000001e56	0.08720367529575371	0.1530742918740162
92	3.380000000000001e56	0.08720386399999916	0.1530807716785764
93	3.380000000000001e56	0.08720395835212187	0.1530840115808565
94	6.7997483206231095	0.08720400552818323	0.15308563153199656
95	6.861783033517574	0.08711310819589435	0.14799651323348248
96	6.7974123451382065	0.08718956428929964	0.15227710204928122
97	6.797411551337155	0.08718940437591571	0.15226834334879388
98	6.79741024823128	0.08718924149540129	0.15225977647695685
99	6.797406100019501	0.08718889681043214	0.15224267187887616

Resumo final
status = finalizado
f_final = 6.797406100019501
RMSD = 0.1418120902284743
avaliacoes = 100
tempo_s = 2280.296785
x_final = [0.08718889681043214, 0.15224267187887616]
maxiter = 100
grad_tol = 0.001
x_abstol = 0.0
linesearch = QuadraticBacktracking
gradientes = 100
gnorm = 157.64106831615993
