Metodo = BFGS
tbeg = 0.0 | tend = 31.0 | dim = 2
x0 = [0.25, 0.2]
lower = [0.0, 0.0]
upper = [0.5, 0.5]
rmsd_tol = 0.09
grad_tol = 0.001

iter	f	x1	x2
0	91.28625252938919	0.25	0.2
1	3.380000000000001e56	-613.9036400166017	-532.1537433147593
2	90.95614094003417	0.24969280241930977	0.199733718451928
3	45.280377746116955	0.08679976084163799	0.05853660620904333
4	3.380000000000001e56	-307.72105599974026	159.99436498741858
5	45.235420314159555	0.0866665500208635	0.058605822060982075
6	3.380000000000001e56	0.048385867083742144	0.07849632395028111
7	3.380000000000001e56	0.06752620855230283	0.0685510730056316
8	3.380000000000001e56	0.07709637928658317	0.06357844753330684
9	3.380000000000001e56	0.08188146465372334	0.061092134797144454
10	44.45526469722331	0.08427400733729343	0.05984897842906326
11	3.380000000000001e56	0.08188146465372334	0.061092134797144454
12	3.380000000000001e56	0.08307773599550838	0.06047055661310386
13	3.380000000000001e56	0.0836758716664009	0.06015976752108356
14	44.361578175905336	0.08397493950184716	0.06000437297507341
15	3.380000000000001e56	0.0836758716664009	0.06015976752108356
16	3.380000000000001e56	0.08382540558412403	0.06008207024807849
17	3.380000000000001e56	0.0839001725429856	0.06004322161157595
18	3.380000000000001e56	0.08393755602241638	0.06002379729332468
19	3.380000000000001e56	0.08395624776213177	0.06001408513419905
20	3.380000000000001e56	0.08396559363198947	0.06000922905463623
21	44.36012184522726	0.08397026656691832	0.060006801014854824
22	3.380000000000001e56	0.08396559363198947	0.06000922905463623
23	44.35939376951093	0.08396793009945389	0.060008015034745524
24	3.380000000000001e56	0.08396559363198947	0.06000922905463623
25	3.380000000000001e56	0.08396676186572168	0.06000862204469088
26	44.3592117599269	0.08396734598258779	0.0600083185397182
27	3.380000000000001e56	0.08396676186572168	0.06000862204469088
28	3.380000000000001e56	0.08396705392415472	0.06000847029220454
29	3.380000000000001e56	0.08396719995337126	0.06000839441596137
30	3.380000000000001e56	0.08396727296797953	0.06000835647783979
31	44.35920038445207	0.08396730947528365	0.06000833750877899
32	3.380000000000001e56	0.08396727296797953	0.06000835647783979
33	44.3591946967201	0.08396729122163159	0.06000834699330939
34	3.380000000000001e56	0.08396727296797953	0.06000835647783979
35	3.380000000000001e56	0.08396728209480556	0.06000835173557459
36	3.380000000000001e56	0.08396728665821857	0.060008349364441986
37	44.35919398575387	0.08396728893992508	0.06000834817887569
38	3.380000000000001e56	0.08396728665821857	0.060008349364441986
39	44.35919363027068	0.08396728779907182	0.06000834877165884
40	3.380000000000001e56	0.08396728665821857	0.060008349364441986
41	44.35919345252922	0.0839672872286452	0.060008349068050415
42	3.380000000000001e56	0.08396728665821857	0.060008349364441986
43	3.380000000000001e56	0.08396728694343188	0.060008349216246204
44	3.380000000000001e56	0.08396728708603854	0.06000834914214831
45	3.380000000000001e56	0.08396728715734186	0.06000834910509936
46	3.380000000000001e56	0.08396728719299353	0.06000834908657489
47	3.380000000000001e56	0.08396728721081936	0.06000834907731265
48	3.380000000000001e56	0.08396728721973228	0.06000834907268153
49	44.359193451140655	0.08396728722418874	0.06000834907036597
50	3.380000000000001e56	0.08396728721973228	0.06000834907268153
51	3.380000000000001e56	0.08396728722196051	0.060008349071523755
52	3.380000000000001e56	0.08396728722307463	0.060008349070944864
53	44.35919345096704	0.08396728722363168	0.060008349070655415
54	3.380000000000001e56	0.08396728722307463	0.060008349070944864
55	44.35919345088029	0.08396728722335316	0.06000834907080014
56	3.380000000000001e56	0.08396728722307463	0.060008349070944864
57	3.380000000000001e56	0.0839672872232139	0.060008349070872505
58	44.35919345085859	0.08396728722328352	0.06000834907083632
59	3.380000000000001e56	0.0839672872232139	0.060008349070872505
60	44.35919345084772	0.0839672872232487	0.06000834907085441
61	3.380000000000001e56	0.0839672872232139	0.060008349070872505
62	44.35919345084225	0.0839672872232313	0.060008349070863456
63	3.380000000000001e56	0.0839672872232139	0.060008349070872505
64	3.380000000000001e56	0.0839672872232226	0.06000834907086798
65	3.380000000000001e56	0.08396728722322694	0.06000834907086572
66	44.35919345084159	0.08396728722322912	0.06000834907086459
67	3.380000000000001e56	0.08396728722322694	0.06000834907086572
68	44.35919345084132	0.08396728722322803	0.06000834907086515
69	3.380000000000001e56	0.08396728722322694	0.06000834907086572
70	44.359193450841126	0.0839672872232275	0.060008349070865434
71	3.380000000000001e56	0.08396728722322694	0.06000834907086572
72	3.380000000000001e56	0.08396728722322722	0.06000834907086557

Resumo final
status = finalizado
f_final = 45.280377746116955
RMSD = 0.36227091700850184
avaliacoes = 73
tempo_s = 712.24605
x_final = [0.0839672872232275, 0.060008349070865434]
maxiter = 100
grad_tol = 0.001
x_abstol = 0.0
linesearch = QuadraticBacktracking
gradientes = 73
gnorm = 970.6960270516919
