Metodo = BFGS
tbeg = 0.0 | tend = 31.0 | dim = 2
x0 = [0.2, 0.25]
lower = [0.0, 0.0]
upper = [0.5, 0.5]
rmsd_tol = 0.09
grad_tol = 0.001

iter	f	x1	x2
0	91.95191128837517	0.2	0.25
1	3.380000000000001e56	-595.9740125962759	-698.3640833539823
2	91.5304387365634	0.19970180924673378	0.24965057138460212
3	3.380000000000001e56	0.049119585526642535	0.07319393293522436
4	16.72896437102771	0.12441069738668815	0.16142225215991324
5	3.380000000000001e56	-205.2878817591845	103.83725627931967
6	16.705342785041868	0.12431359888666549	0.16147125978186344
7	3.380000000000001e56	0.020569565400331773	0.2138330199686899
8	3.380000000000001e56	0.07244158214349863	0.18765213987527665
9	11.18336388331203	0.09837759051508206	0.17456169982857006
10	3.380000000000001e56	-0.0007583735869049341	0.1696473847706308
11	3.380000000000001e56	0.08305364693433849	0.17380206948283208
12	9.16106586896845	0.09071561872471028	0.17418188465570109
13	3.380000000000001e56	0.08305364693433849	0.17380206948283208
14	3.380000000000001e56	0.08688463282952438	0.17399197706926658
15	8.68817565644117	0.08880012577711732	0.17408693086248384
16	3.380000000000001e56	0.009135789834225305	0.18385265600096778
17	3.380000000000001e56	0.048967957805671314	0.1789697934317258
18	3.380000000000001e56	0.06888404179139432	0.17652836214710482
19	3.380000000000001e56	0.07884208378425582	0.17530764650479433
20	3.380000000000001e56	0.08382110478068658	0.1746972886836391
21	3.380000000000001e56	0.08631061527890195	0.17439210977306147
22	8.418032623371849	0.08755537052800963	0.17423952031777265
23	3.380000000000001e56	0.08631061527890195	0.17439210977306147
24	3.380000000000001e56	0.0869329929034558	0.17431581504541704
25	3.380000000000001e56	0.08724418171573271	0.17427766768159486
26	3.380000000000001e56	0.08739977612187118	0.17425859399968374
27	3.380000000000001e56	0.08747757332494041	0.1742490571587282
28	8.409651643604297	0.08751647192647502	0.17424428873825043
29	3.380000000000001e56	0.08747757332494041	0.1742490571587282
30	8.405462318285693	0.08749702262570772	0.1742466729484893
31	3.380000000000001e56	0.08747757332494041	0.1742490571587282
32	3.380000000000001e56	0.08748729797532406	0.17424786505360876
33	3.380000000000001e56	0.08749216030051589	0.17424726900104903
34	3.380000000000001e56	0.0874945914631118	0.17424697097476918
35	8.405201062601641	0.08749580704440975	0.17424682196162924
36	3.380000000000001e56	0.0874945914631118	0.17424697097476918
37	8.405073963705869	0.08749519925376077	0.1742468964681992
38	3.380000000000001e56	0.08585071758699239	0.14464606038541586
39	3.380000000000001e56	0.08667295842037658	0.15944647842680754
40	3.380000000000001e56	0.08708407883706867	0.1668466874475034
41	3.380000000000001e56	0.08728963904541473	0.1705467919578513
42	3.380000000000001e56	0.08739241914958774	0.17239684421302526
43	3.380000000000001e56	0.08744380920167426	0.17332187034061222
44	3.380000000000001e56	0.08746950422771751	0.17378438340440572
45	3.380000000000001e56	0.08748235174073915	0.17401563993630248
46	3.380000000000001e56	0.08748877549724995	0.17413126820225083
47	3.380000000000001e56	0.08749198737550537	0.17418908233522504
48	3.380000000000001e56	0.08749359331463306	0.17421798940171213
49	3.380000000000001e56	0.08749439628419692	0.17423244293495566
50	3.380000000000001e56	0.08749479776897885	0.17423966970157745
51	3.380000000000001e56	0.08749499851136981	0.17424328308488832
52	3.380000000000001e56	0.08749509888256529	0.17424508977654377
53	3.380000000000001e56	0.08749514906816303	0.1742459931223715
54	8.405009572203946	0.0874951741609619	0.17424644479528537
55	3.380000000000001e56	0.07550780319261718	-1.0538520766540906
56	8.393054059040905	0.08749435880528707	0.174162912125665
57	6.827707728503651	0.08726203572827283	0.15036156084245245
58	6.812877713172232	0.08728334719462198	0.152545027223938
59	6.8128297174590955	0.08728220898718123	0.15242873937790727
60	6.812829163392107	0.08728219282933321	0.15242741674173335
61	6.812827068818674	0.08728212819794111	0.15242212619703774
62	6.812791595478431	0.08728131798295971	0.1523679234556488
63	6.812719760743986	0.0872799917240132	0.15230132733106408
64	6.812510411448975	0.08727666449065953	0.152181073843906
65	6.811983437616027	0.08726914323825326	0.15199554769549997
66	6.810582340281392	0.0872505400368101	0.1516933767950692
67	6.8069349351443185	0.08720436667572698	0.15121517267316315
68	3.380000000000001e56	0.08708687272593889	0.1504600850374702
69	3.380000000000001e56	0.08714561970083294	0.15083762885531668
70	6.804117475156203	0.08717499318827995	0.1510264007642399
71	3.380000000000001e56	0.08714561970083294	0.15083762885531668
72	3.380000000000001e56	0.08716030644455644	0.15093201480977828
73	6.803457567107854	0.0871676498164182	0.1509792077870091
74	3.380000000000001e56	0.08679097219450292	0.14932262305579355
75	3.380000000000001e56	0.08697931100546057	0.15015091542140133
76	3.380000000000001e56	0.08707348041093937	0.1505650616042052
77	3.380000000000001e56	0.08712056511367879	0.15077213469560716
78	3.380000000000001e56	0.0871441074650485	0.15087567124130813
79	3.380000000000001e56	0.08715587864073335	0.15092743951415863
80	3.380000000000001e56	0.08716176422857577	0.15095332365058386
81	3.380000000000001e56	0.08716470702249698	0.15096626571879648
82	6.803291785661922	0.08716617841945759	0.1509727367529028
83	3.380000000000001e56	0.08716470702249698	0.15096626571879648
84	6.803210106709303	0.08716544272097729	0.15096950123584962
85	3.380000000000001e56	0.08716470702249698	0.15096626571879648
86	3.380000000000001e56	0.08716507487173714	0.15096788347732307
87	3.380000000000001e56	0.08716525879635721	0.15096869235658636
88	6.803200594692046	0.08716535075866724	0.15096909679621798
89	3.380000000000001e56	0.08715506254845116	0.15121306313149457
90	3.380000000000001e56	0.08716020665355921	0.15109107996385626
91	3.380000000000001e56	0.08716277870611322	0.15103008838003712
92	3.380000000000001e56	0.08716406473239023	0.15099959258812756
93	3.380000000000001e56	0.08716470774552874	0.15098434469217276
94	3.380000000000001e56	0.08716502925209799	0.15097672074419538
95	3.380000000000001e56	0.08716519000538261	0.15097290877020667
96	3.380000000000001e56	0.08716527038202493	0.15097100278321232
97	6.803184408419939	0.08716531057034609	0.15097004978971515
98	6.798402557936432	0.08717926045841481	0.1517221842161539
99	6.797821229053424	0.08719477892456144	0.15249015365328045

Resumo final
status = finalizado
f_final = 6.797821229053424
RMSD = 0.14181642051390592
avaliacoes = 100
tempo_s = 2316.15368
x_final = [0.08719477892456144, 0.15249015365328045]
maxiter = 100
grad_tol = 0.001
x_abstol = 0.0
linesearch = QuadraticBacktracking
gradientes = 100
gnorm = 170.23643672853024
