Metodo = BFGS
tbeg = 0.0 | tend = 31.0 | dim = 2
x0 = [0.25, 0.25]
lower = [0.0, 0.0]
upper = [0.5, 0.5]
rmsd_tol = 0.09
grad_tol = 0.001

iter	f	x1	x2
0	123.40669534609735	0.25	0.25
1	3.380000000000001e56	-659.9684745227077	-745.52582686652
2	122.91092617443543	0.24966977392603484	0.24962698010905815
3	3.380000000000001e56	0.06443712926972117	0.04039013796964098
4	3.380000000000001e56	0.06443712926972113	0.04039013796964094
5	25.93704395512105	0.157053451597878	0.14500855903934956
6	25.937043955121034	0.15705345159787798	0.14500855903934956
7	3.380000000000001e56	-298.8068644962492	133.81405429807538
8	25.89257084902542	0.15691722789493784	0.14506946569492202
9	3.380000000000001e56	0.010999914938241312	0.21031020816849502
10	3.380000000000001e56	0.08395857141658958	0.17768983693170853
11	15.48232392703092	0.12043789965576371	0.16137965131331528
12	3.380000000000001e56	-0.010994864247708985	0.16504184460446908
13	14.947038016593954	0.11865395475378221	0.161429358485696
14	3.380000000000001e56	0.013446443746558302	0.16436082115563277
15	3.380000000000001e56	0.06605019925017025	0.1628950898206644
16	8.171246781307017	0.09235207700197623	0.16216222415318018
17	3.380000000000001e56	0.01128088401165471	0.18167949408975168
18	3.380000000000001e56	0.05181648050681547	0.17192085912146593
19	3.380000000000001e56	0.07208427875439585	0.16704154163732304
20	3.380000000000001e56	0.08221817787818604	0.16460188289525163
21	3.380000000000001e56	0.08728512744008113	0.1633820535242159
22	7.6771459219524125	0.08981860222102868	0.16277213883869804
23	3.380000000000001e56	0.08728512744008113	0.1633820535242159
24	7.436628713459568	0.08855186483055491	0.16307709618145697
25	3.380000000000001e56	0.08728512744008113	0.1633820535242159
26	7.317995168002337	0.08791849613531802	0.16322957485283643
27	3.380000000000001e56	0.08728512744008113	0.1633820535242159
28	7.259075772455107	0.08760181178769957	0.16330581418852616
29	3.380000000000001e56	0.08728512744008113	0.1633820535242159
30	7.229708240185628	0.08744346961389035	0.16334393385637103
31	3.380000000000001e56	0.08728512744008113	0.1633820535242159
32	3.380000000000001e56	0.08736429852698574	0.16336299369029347
33	7.22237413697681	0.08740388407043805	0.16335346377333226
34	3.380000000000001e56	0.08736429852698574	0.16336299369029347
35	7.2187078997279635	0.0873840912987119	0.16335822873181285
36	3.380000000000001e56	0.08736429852698574	0.16336299369029347
37	7.21687502527898	0.08737419491284883	0.16336061121105316
38	3.380000000000001e56	0.08736429852698574	0.16336299369029347
39	7.215958897609368	0.08736924671991729	0.1633618024506733
40	3.380000000000001e56	0.08736429852698574	0.16336299369029347
41	3.380000000000001e56	0.08736677262345151	0.1633623980704834
42	7.215730132639157	0.0873680096716844	0.16336210026057835
43	3.380000000000001e56	0.08736677262345151	0.1633623980704834
44	7.215616067252396	0.08736739114756796	0.16336224916553088
45	3.380000000000001e56	0.08736677262345151	0.1633623980704834
46	7.215559503465049	0.08736708188550973	0.16336232361800712
47	3.380000000000001e56	0.08736677262345151	0.1633623980704834
48	7.215532062328345	0.08736692725448063	0.16336236084424527
49	3.380000000000001e56	0.059565087356523515	0.1628669883598842
50	3.380000000000001e56	0.07346600730550207	0.16311467460206475
51	3.380000000000001e56	0.08041646727999135	0.163238517723155
52	3.380000000000001e56	0.08389169726723598	0.16330043928370014
53	3.380000000000001e56	0.0856293122608583	0.1633314000639727
54	3.380000000000001e56	0.08649811975766947	0.16334688045410897
55	3.380000000000001e56	0.08693252350607505	0.16335462064917713
56	3.380000000000001e56	0.08714972538027783	0.1633584907467112
57	3.380000000000001e56	0.08725832631737923	0.16336042579547824
58	3.380000000000001e56	0.08731262678592994	0.16336139331986174
59	3.380000000000001e56	0.08733977702020528	0.16336187708205352
60	3.380000000000001e56	0.08735335213734295	0.1633621189631494
61	3.380000000000001e56	0.08736013969591179	0.16336223990369733
62	3.380000000000001e56	0.08736353347519621	0.1633623003739713
63	3.380000000000001e56	0.08736523036483843	0.1633623306091083
64	3.380000000000001e56	0.08736607880965952	0.16336234572667677
65	3.380000000000001e56	0.08736650303207008	0.16336235328546103
66	3.380000000000001e56	0.08736671514327535	0.16336235706485314
67	3.380000000000001e56	0.087366821198878	0.1633623589545492
68	7.215522719336599	0.08736687422667931	0.16336235989939724
69	6.887467212449403	0.08714583474740992	0.14740970379417917
70	6.801451270767309	0.08721615560819347	0.15250116721711432
71	6.801337076342798	0.08721395342979653	0.15235986198693308
72	6.801274453101345	0.08721292540838708	0.15231484390408728
73	6.800894240452296	0.087207328439657	0.15214002724195208
74	6.800109556241599	0.08719671263214786	0.15192204851347624
75	3.380000000000001e56	0.08716762613735574	0.15153524646904115
76	6.798837908421821	0.08718216938475179	0.1517286474912587
77	3.380000000000001e56	0.08709722223539494	0.15095066591178866
78	3.380000000000001e56	0.08713969581007337	0.15133965670152366
79	3.380000000000001e56	0.08716093259741257	0.15153415209639118
80	3.380000000000001e56	0.08717155099108219	0.15163139979382495
81	3.380000000000001e56	0.08717686018791698	0.15168002364254182
82	6.798559320068604	0.08717951478633439	0.15170433556690024
83	3.380000000000001e56	0.08717686018791698	0.15168002364254182
84	3.380000000000001e56	0.08717818748712569	0.15169217960472103
85	6.798493505960427	0.08717885113673003	0.15169825758581065
86	3.380000000000001e56	0.08717661635320359	0.1518143290892557
87	3.380000000000001e56	0.0871777337449668	0.15175629333753318
88	3.380000000000001e56	0.08717829244084842	0.15172727546167192
89	3.380000000000001e56	0.08717857178878922	0.1517127665237413
90	3.380000000000001e56	0.08717871146275963	0.15170551205477598
91	3.380000000000001e56	0.08717878129974484	0.15170188482029331
92	3.380000000000001e56	0.08717881621823743	0.15170007120305198
93	6.798494610938453	0.08717883367748373	0.15169916439443132
94	6.798493052199297	0.08717885007187805	0.1516983128927205
95	6.798490061038537	0.08717884187468089	0.15169873864357591
96	6.797499350620187	0.08718598450647509	0.15208703792913214
97	6.7973938076744425	0.08718911185687471	0.15225881159192273
98	6.79739429588338	0.0871891250034241	0.1522606930360329
99	6.797393468193547	0.0871891142935609	0.15225916031376138

Resumo final
status = finalizado
f_final = 6.797393468193547
RMSD = 0.1418119584615585
avaliacoes = 100
tempo_s = 2309.960139
x_final = [0.0871891142935609, 0.15225916031376138]
maxiter = 100
grad_tol = 0.001
x_abstol = 0.0
linesearch = QuadraticBacktracking
gradientes = 100
gnorm = 76.16341571687266
