Metodo = BFGS
tbeg = 0.0 | tend = 31.0 | dim = 2
x0 = [0.09, 0.09]
lower = [0.0, 0.0]
upper = [0.5, 0.5]
rmsd_tol = 0.09
grad_tol = 0.001

iter	f	x1	x2
0	22.167925672799463	0.09	0.09
1	3.380000000000001e56	19.565903834114714	522.9742496823893
2	22.031300647017144	0.09000974586255035	0.0902616545075677
3	8.259805357293525	0.09175857241227058	0.1372137172238225
4	8.259805357293514	0.09175857241227058	0.13721371722382247
5	3.380000000000001e56	-176.98977733640285	68.36207891519985
6	8.245384965581326	0.09167926434422898	0.137244272539618
7	3.380000000000001e56	0.0343181423665918	0.15934400639636587
8	3.380000000000001e56	0.06299870335541038	0.14829413946799194
9	3.380000000000001e56	0.07733898384981969	0.14276920600380497
10	3.380000000000001e56	0.08450912409702434	0.14000673927171148
11	7.614497249074377	0.08809419422062666	0.13862550590566475
12	3.380000000000001e56	0.08450912409702434	0.14000673927171148
13	3.380000000000001e56	0.0863016591588255	0.1393161225886881
14	7.463277216582683	0.08719792668972608	0.13897081424717642
15	3.380000000000001e56	0.0863016591588255	0.1393161225886881
16	3.380000000000001e56	0.08674979292427579	0.13914346841793226
17	7.4258865636673	0.08697385980700093	0.13905714133255434
18	3.380000000000001e56	0.08674979292427579	0.13914346841793226
19	3.380000000000001e56	0.08686182636563836	0.1391003048752433
20	7.416562184308003	0.08691784308631964	0.13907872310389882
21	3.380000000000001e56	0.08686182636563836	0.1391003048752433
22	3.380000000000001e56	0.086889834725979	0.13908951398957106
23	3.380000000000001e56	0.08690383890614932	0.13908411854673494
24	3.380000000000001e56	0.08691084099623449	0.13908142082531688
25	7.415980043851088	0.08691434204127706	0.13908007196460787
26	3.380000000000001e56	0.08691084099623449	0.13908142082531688
27	3.380000000000001e56	0.08691259151875577	0.13908074639496237
28	7.4158359994959495	0.08691346678001642	0.13908040917978512
29	3.380000000000001e56	0.05735687857375992	0.16191143913683323
30	3.380000000000001e56	0.07213517267688817	0.15049592415830917
31	3.380000000000001e56	0.0795243197284523	0.14478816666904715
32	3.380000000000001e56	0.08321889325423436	0.14193428792441615
33	3.380000000000001e56	0.08506618001712539	0.14050734855210062
34	3.380000000000001e56	0.0859898233985709	0.13979387886594288
35	3.380000000000001e56	0.08645164508929366	0.139437144022864
36	3.380000000000001e56	0.08668255593465504	0.13925877660132455
37	3.380000000000001e56	0.08679801135733574	0.13916959289055483
38	3.380000000000001e56	0.08685573906867608	0.13912500103516998
39	3.380000000000001e56	0.08688460292434624	0.13910270510747755
40	3.380000000000001e56	0.08689903485218134	0.13909155714363133
41	3.380000000000001e56	0.08690625081609887	0.13908598316170823
42	3.380000000000001e56	0.08690985879805765	0.1390831961707467
43	3.380000000000001e56	0.08691166278903703	0.1390818026752659
44	3.380000000000001e56	0.08691256478452673	0.1390811059275255
45	3.380000000000001e56	0.08691301578227158	0.13908075755365532
46	3.380000000000001e56	0.086913241281144	0.13908058336672022
47	3.380000000000001e56	0.0869133540305802	0.13908049627325267
48	7.4158254428265655	0.08691341040529832	0.1390804527265189
49	3.380000000000001e56	0.0869133540305802	0.13908049627325267
50	7.415821108583192	0.08691338221793926	0.13908047449988578
51	6.803877540847271	0.0872146453664535	0.15179438248490884
52	6.8034895861548526	0.08722173795011652	0.15210156322199292
53	6.803454660792481	0.08722214397246232	0.1521274705931921
54	6.80308293257887	0.08722345352758246	0.15230804107964407
55	6.80238083706199	0.08722171586682725	0.15251600808983462
56	6.800269637313917	0.08720916513043908	0.15290994123466492
57	3.380000000000001e56	0.08716641066697625	0.15352411010349573
58	3.380000000000001e56	0.08718778789870767	0.15321702566908033
59	3.380000000000001e56	0.08719847651457337	0.15306348345187262
60	6.799480788357573	0.08720382082250623	0.15298671234326877
61	3.380000000000001e56	0.08719847651457337	0.15306348345187262
62	3.380000000000001e56	0.0872011486685398	0.15302509789757068
63	3.380000000000001e56	0.08720248474552302	0.15300590512041973
64	6.799385198828706	0.08720315278401462	0.15299630873184425
65	3.380000000000001e56	0.08720248474552302	0.15300590512041973
66	6.79933803178959	0.08720281876476882	0.153001106926132
67	3.380000000000001e56	0.08720248474552302	0.15300590512041973
68	6.799315256361838	0.08720265175514591	0.15300350602327586
69	3.380000000000001e56	0.08714518207899914	0.15332983336522357
70	3.380000000000001e56	0.08717391691707252	0.15316666969424972
71	3.380000000000001e56	0.08718828433610921	0.1530850878587628
72	3.380000000000001e56	0.08719546804562757	0.15304429694101931
73	3.380000000000001e56	0.08719905990038673	0.1530239014821476
74	3.380000000000001e56	0.08720085582776632	0.15301370375271173
75	3.380000000000001e56	0.08720175379145612	0.1530086048879938
76	3.380000000000001e56	0.08720220277330101	0.15300605545563484
77	3.380000000000001e56	0.08720242726422346	0.15300478073945534
78	3.380000000000001e56	0.08720253950968469	0.15300414338136561
79	6.799307280300034	0.0872025956324153	0.15300382470232074
80	3.380000000000001e56	0.08719800704985325	0.152772778464012
81	3.380000000000001e56	0.08720030134113427	0.15288830158316635
82	3.380000000000001e56	0.08720144848677479	0.15294606314274356
83	6.7991639010779945	0.08720202205959504	0.15297494392253214
84	6.8606313483718075	0.08711374924307304	0.14803455868819365
85	6.797411474910448	0.08718908093908868	0.15225066522401057
86	6.797410201197443	0.08718937947967671	0.15226741938908495
87	6.797409787992079	0.0871894209508801	0.1522698831796905
88	6.797408570097096	0.08718958683569362	0.15227973834211278
89	6.797404249028873	0.0871897620005829	0.1522915927322091
90	3.380000000000001e56	0.08719006202204203	0.15231860162169064
91	3.380000000000001e56	0.08718991201131247	0.15230509717694987
92	6.797399207119216	0.08718983700594768	0.1522983449545795
93	3.380000000000001e56	0.08718966063772282	0.15229367892131415
94	3.380000000000001e56	0.08718974882183525	0.15229601193794684
95	6.797397881620142	0.08718979291389146	0.15229717844626317
96	6.797394519784568	0.08718948300084071	0.15227951056050545
97	6.797393121850879	0.08718912710702753	0.15226019851124267
98	6.797393087296294	0.08718913266768383	0.15226060769985802
99	6.797393085983936	0.08718913964799029	0.15226101180779572

Resumo final
status = finalizado
f_final = 6.797393085983936
RMSD = 0.14181195447459685
avaliacoes = 100
tempo_s = 2282.212368
x_final = [0.08718913964799029, 0.15226101180779572]
maxiter = 100
grad_tol = 0.001
x_abstol = 0.0
gradientes = 100
gnorm = 0.8701738622278791
