Metodo = BFGS
tbeg = 0.0 | tend = 5.0 | dim = 3
x0 = [0.09, 0.09, 0.09]
lower = [0.0, 0.0, 0.0]
upper = [0.5, 0.5, 0.5]
rmsd_tol = 0.09
grad_tol = 0.001

iter	f	x1	x2	x3
0	2.100479089231111	0.09	0.09	0.09
1	3.380000000000001e56	6.154748300563861	10.204872053444188	39.98278309952162
2	2.0996023063034768	0.09000307319944344	0.09000512552502173	0.09002021493271321
3	0.30033850620505426	0.10042897153892623	0.10739358462006449	0.15859982952875187
4	3.380000000000001e56	-1.1007487257192254	-2.5386137979114	1.2837426618147056
5	0.30033291999488576	0.10042829939243986	0.10739210398604243	0.15860045912818843
6	0.28841343369439915	0.09750873561272703	0.10096075970407203	0.16133521375079243
7	3.380000000000001e56	0.01438888853215313	0.14365689674897542	0.19542875957251576
8	3.380000000000001e56	0.05594881207244008	0.12230882822652372	0.1783819866616541
9	3.380000000000001e56	0.07672877384258356	0.11163479396529788	0.16985860020622326
10	0.24303810280758903	0.08711875472765529	0.10629777683468496	0.16559690697850785
11	3.380000000000001e56	0.07672877384258356	0.11163479396529788	0.16985860020622326
12	3.380000000000001e56	0.08192376428511942	0.10896628539999142	0.16772775359236555
13	3.380000000000001e56	0.08192376428511942	0.10896628539999141	0.16772775359236555
14	0.2324501294275985	0.08452125950638736	0.10763203111733818	0.1666623302854367
15	0.021479150894512678	0.2871146727600969	0.028764642911209712	0.20360562382730726
16	0.008522063736715229	0.08777617077576211	0.11018449035638826	0.21308013352042113
17	0.007640619788760227	0.0912202333974259	0.11005184038640127	0.21135987507971774
18	0.006716929004937206	0.12165326915062076	0.09842913107295809	0.20847009135744787
19	0.0061634668209026465	0.15294588661964406	0.08638073485207313	0.20738214896168633
20	0.0058179631345643985	0.16415804672307566	0.08130090911394935	0.2080482820598239
21	0.0056660718686987865	0.17186905356735796	0.07731542201381948	0.20842176830276482
22	0.005606614144450387	0.18655328580717195	0.07073110797394852	0.20797685267005386
23	0.005558000766561862	0.1907487771696678	0.0683613422902588	0.20767171708597063
24	0.0055483801805725945	0.1960125072993476	0.06579516738991421	0.20734607928814658
25	0.005547741470444148	0.197132711595149	0.0652086827870442	0.20728724134720758
26	0.005547702458377641	0.1975864087562649	0.06498566816678351	0.20727688979592437

Resumo final
status = convergido
f_final = 0.005547702458377641
RMSD = 0.014607298568731423
avaliacoes = 27
tempo_s = 98.098685
x_final = [0.1975864087562649, 0.06498566816678351, 0.20727688979592437]
maxiter = 100
grad_tol = 0.001
x_abstol = 0.0
gradientes = 27
gnorm = 0.0008797149254591729
