Metodo = BFGS
tbeg = 0.0 | tend = 15.0 | dim = 2
x0 = [0.09, 0.09]
lower = [0.0, 0.0]
upper = [0.5, 0.5]
rmsd_tol = 0.09
grad_tol = 0.001

iter	f	x1	x2
0	14.560703520707738	0.09	0.09
1	3.380000000000001e56	3.7101963630677868	328.7072619503137
2	14.506730120341553	0.09000181238313211	0.09016451604353734
3	6.048124782660377	0.09051066972368267	0.13635518892553045
4	3.380000000000001e56	-120.67424723535068	46.22472471204285
5	6.041645144422082	0.09045743615668868	0.1363755048550219
6	3.380000000000001e56	0.026681127027692847	0.16071494090364263
7	3.380000000000001e56	0.05856928159219076	0.14854522287933228
8	3.380000000000001e56	0.07451335887443972	0.1424603638671771
9	3.380000000000001e56	0.0824853975155642	0.1394179343610995
10	5.571913316357708	0.08647141683612644	0.1378967196080607
11	3.380000000000001e56	0.0824853975155642	0.1394179343610995
12	5.348590501213088	0.08447840717584532	0.1386573269845801
13	3.380000000000001e56	0.0824853975155642	0.1394179343610995
14	3.380000000000001e56	0.08348190234570477	0.1390376306728398
15	5.2939751140273845	0.08398015476077504	0.13884747882870996
16	3.380000000000001e56	0.026875935320077385	0.17151390131125357
17	3.380000000000001e56	0.05542804504042621	0.15518069006998175
18	3.380000000000001e56	0.06970409990060063	0.14701408444934586
19	3.380000000000001e56	0.07684212733068783	0.14293078163902792
20	3.380000000000001e56	0.08041114104573144	0.14088913023386893
21	3.380000000000001e56	0.08219564790325323	0.13986830453128946
22	3.380000000000001e56	0.08308790133201414	0.1393578916799997
23	3.380000000000001e56	0.08353402804639459	0.13910268525435482
24	3.380000000000001e56	0.08375709140358481	0.1389750820415324
25	3.380000000000001e56	0.08386862308217993	0.1389112804351212
26	5.287296068501528	0.08392438892147748	0.13887937963191557
27	3.380000000000001e56	0.08386862308217993	0.1389112804351212
28	5.283958965449787	0.08389650600182871	0.13889533003351837
29	3.380000000000001e56	0.08386862308217993	0.1389112804351212
30	5.282291018848522	0.08388256454200432	0.13890330523431976
31	3.380000000000001e56	0.08386862308217993	0.1389112804351212
32	3.380000000000001e56	0.08387559381209213	0.13890729283472047
33	3.380000000000001e56	0.08387907917704822	0.13890529903452012
34	3.380000000000001e56	0.08388082185952626	0.13890430213441995
35	3.380000000000001e56	0.0838816932007653	0.13890380368436986
36	5.282238902015408	0.08388212887138481	0.13890355445934482
37	3.380000000000001e56	0.0838816932007653	0.13890380368436986
38	3.380000000000001e56	0.08388191103607505	0.13890367907185733
39	5.282225872868707	0.08388201995372993	0.1389036167656011
40	3.380000000000001e56	0.08388191103607505	0.13890367907185733
41	5.282219358304571	0.08388196549490248	0.13890364791872922
42	3.380000000000001e56	0.08388191103607505	0.13890367907185733
43	3.380000000000001e56	0.08388193826548877	0.13890366349529326
44	3.380000000000001e56	0.08388195188019563	0.13890365570701124
45	5.2822185439844525	0.08388195868754905	0.13890365181287023
46	3.380000000000001e56	0.08388195188019563	0.13890365570701124
47	5.282218136824474	0.08388195528387235	0.13890365375994074
48	3.380000000000001e56	0.08388195188019563	0.13890365570701124
49	3.380000000000001e56	0.08388195358203399	0.138903654733476
50	5.282218035034483	0.08388195443295317	0.13890365424670836
51	3.380000000000001e56	0.08388195358203399	0.138903654733476
52	5.282217984139498	0.08388195400749357	0.13890365449009218
53	3.380000000000001e56	0.08388195358203399	0.138903654733476
54	5.282217958691964	0.08388195379476378	0.13890365461178408
55	3.380000000000001e56	0.08388195358203399	0.138903654733476
56	3.380000000000001e56	0.08388195368839889	0.13890365467263002
57	5.282217952330045	0.08388195374158133	0.13890365464220705
58	3.380000000000001e56	0.08388195368839889	0.13890365467263002
59	5.282217949149172	0.0838819537149901	0.13890365465741855
60	3.380000000000001e56	0.08388195368839889	0.13890365467263002
61	3.380000000000001e56	0.08388195370169449	0.1389036546650243
62	3.380000000000001e56	0.0838819537083423	0.13890365466122143
63	3.380000000000001e56	0.08388195371166621	0.13890365465931998
64	5.282217948950287	0.08388195371332816	0.13890365465836926
65	3.380000000000001e56	0.08388195371166621	0.13890365465931998
66	5.282217948850969	0.08388195371249718	0.13890365465884463
67	3.380000000000001e56	0.08388195371166621	0.13890365465931998
68	5.282217948801254	0.0838819537120817	0.1389036546590823
69	3.380000000000001e56	0.08388195371166621	0.13890365465931998
70	5.282217948776392	0.08388195371187394	0.13890365465920115
71	3.380000000000001e56	0.08388195371166621	0.13890365465931998
72	3.380000000000001e56	0.08388195371177008	0.13890365465926055
73	5.282217948770165	0.08388195371182201	0.13890365465923085
74	3.380000000000001e56	0.08388195371177008	0.13890365465926055
75	3.380000000000001e56	0.08388195371179605	0.1389036546592457
76	5.282217948768625	0.08388195371180902	0.1389036546592383
77	3.380000000000001e56	0.08388195371179605	0.1389036546592457
78	3.380000000000001e56	0.08388195371180254	0.13890365465924198
79	3.380000000000001e56	0.08388195371180578	0.13890365465924015
80	3.380000000000001e56	0.0838819537118074	0.1389036546592392
81	3.380000000000001e56	0.08388195371180822	0.13890365465923873
82	3.380000000000001e56	0.08388195371180862	0.1389036546592385
83	3.380000000000001e56	0.08388195371180883	0.1389036546592384

Resumo final
status = finalizado
f_final = 5.2939751140273845
RMSD = 0.1902092926004561
avaliacoes = 84
tempo_s = 374.855797
x_final = [0.08388195371180902, 0.1389036546592383]
maxiter = 100
grad_tol = 0.001
x_abstol = 0.0
gradientes = 84
gnorm = 103.96852232506778
