Metodo = BFGS
tbeg = 0.0 | tend = 5.0 | dim = 2
x0 = [0.09, 0.09]
lower = [0.0, 0.0]
upper = [0.5, 0.5]
rmsd_tol = 0.09
grad_tol = 0.001

iter	f	x1	x2
0	2.100479089231103	0.09	0.09
1	3.380000000000001e56	11.21218432728591	45.04021912624368
2	2.0993955687528176	0.09000562135974487	0.09002271868051126
3	0.49423960809696493	0.1044374984096155	0.1483490345106855
4	3.380000000000001e56	-9.123880908636966	4.695816561293727
5	0.494190054105882	0.10443297827736041	0.1483512619104934
6	3.380000000000001e56	0.05076654372791881	0.1747966398902414
7	3.380000000000001e56	0.05076654372791882	0.1747966398902414
8	3.380000000000001e56	0.07759976100263961	0.16157395090036739
9	0.36575439518990155	0.09101636964000001	0.1549626064054304
10	3.380000000000001e56	0.054181476786432856	0.193366895345821
11	3.380000000000001e56	0.07259892321321643	0.1741647508756257
12	3.380000000000001e56	0.08180764642660822	0.16456367864052804
13	0.3034149068250712	0.08641200803330412	0.1597631425229792
14	3.380000000000001e56	0.053300671963665204	0.20065205624997776
15	3.380000000000001e56	0.06985633999848466	0.18020759938647848
16	3.380000000000001e56	0.0781341740158944	0.16998537095472885
17	3.380000000000001e56	0.08227309102459926	0.16487425673885403
18	0.27388400893608855	0.08434254952895169	0.16231869963091664
19	3.380000000000001e56	0.08227309102459926	0.16487425673885403
20	3.380000000000001e56	0.08330782027677547	0.16359647818488532
21	0.26678658386549076	0.08382518490286359	0.16295758890790096
22	3.380000000000001e56	0.08330782027677547	0.16359647818488532
23	3.380000000000001e56	0.08356650258981953	0.16327703354639314
24	3.380000000000001e56	0.08369584374634155	0.16311731122714707
25	0.2659073505969119	0.08376051432460256	0.16303745006752401
26	3.380000000000001e56	0.08369584374634155	0.16311731122714707
27	0.26546839452150384	0.08372817903547206	0.16307738064733554
28	3.380000000000001e56	0.08369584374634155	0.16311731122714707
29	3.380000000000001e56	0.08371201139090681	0.1630973459372413
30	3.380000000000001e56	0.08372009521318943	0.16308736329228843
31	3.380000000000001e56	0.08372413712433074	0.16308237196981198
32	0.26544097438316117	0.0837261580799014	0.16307987630857376
33	3.380000000000001e56	0.08372413712433074	0.16308237196981198
34	0.26542726495872887	0.08372514760211608	0.16308112413919287
35	3.380000000000001e56	0.08372413712433074	0.16308237196981198
36	0.2654204104077091	0.08372464236322341	0.16308174805450243
37	3.380000000000001e56	0.08372413712433074	0.16308237196981198
38	0.2654169831724872	0.08372438974377708	0.1630820600121572
39	3.380000000000001e56	0.08372413712433074	0.16308237196981198
40	0.2654152695649601	0.08372426343405391	0.1630822159909846
41	3.380000000000001e56	0.08372413712433074	0.16308237196981198
42	3.380000000000001e56	0.08372420027919233	0.16308229398039828
43	0.2654148411641335	0.08372423185662312	0.16308225498569143
44	3.380000000000001e56	0.08372420027919233	0.16308229398039828
45	3.380000000000001e56	0.08372421606790773	0.16308227448304485
46	0.2654147340639864	0.08372422396226542	0.16308226473436815
47	3.380000000000001e56	0.08372421606790773	0.16308227448304485
48	3.380000000000001e56	0.08372422001508657	0.1630822696087065
49	3.380000000000001e56	0.083724221988676	0.16308226717153732
50	3.380000000000001e56	0.08372422297547072	0.16308226595295275
51	3.380000000000001e56	0.08372422346886807	0.16308226534366044
52	0.2654147307171073	0.08372422371556675	0.1630822650390143
53	3.380000000000001e56	0.08372422346886807	0.16308226534366044
54	0.26541472904366603	0.0837242235922174	0.16308226519133737
55	3.380000000000001e56	0.08372422346886807	0.16308226534366044
56	3.380000000000001e56	0.08372422353054274	0.16308226526749892
57	3.380000000000001e56	0.08372422356138007	0.16308226522941813
58	3.380000000000001e56	0.08372422357679873	0.16308226521037775
59	3.380000000000001e56	0.08372422358450807	0.16308226520085756
60	0.2654147289913705	0.08372422358836273	0.16308226519609748
61	3.380000000000001e56	0.08372422358450807	0.16308226520085756
62	0.2654147289652178	0.0837242235864354	0.16308226519847752
63	3.380000000000001e56	0.08372422358450807	0.16308226520085756
64	0.26541472895215473	0.08372422358547174	0.16308226519966754
65	3.380000000000001e56	0.08372422358450807	0.16308226520085756
66	0.26541472894561025	0.0837242235849899	0.16308226520026256
67	3.380000000000001e56	0.08372422358450807	0.16308226520085756
68	0.2654147289423433	0.08372422358474899	0.16308226520056004
69	3.380000000000001e56	0.08372422358450807	0.16308226520085756
70	0.26541472894070584	0.08372422358462853	0.16308226520070881
71	3.380000000000001e56	0.08372422358450807	0.16308226520085756
72	0.2654147289398907	0.0837242235845683	0.1630822652007832
73	3.380000000000001e56	0.08372422358450807	0.16308226520085756
74	3.380000000000001e56	0.08372422358453818	0.16308226520082036
75	3.380000000000001e56	0.08372422358455324	0.16308226520080177
76	0.26541472893979134	0.08372422358456078	0.1630822652007925
77	3.380000000000001e56	0.08372422358455324	0.16308226520080177
78	3.380000000000001e56	0.08372422358455701	0.16308226520079713
79	3.380000000000001e56	0.08372422358455889	0.1630822652007948
80	0.2654147289397768	0.08372422358455983	0.16308226520079364
81	3.380000000000001e56	0.08372422358455889	0.1630822652007948
82	3.380000000000001e56	0.08372422358455936	0.16308226520079422
83	3.380000000000001e56	0.0837242235845596	0.16308226520079394
84	0.2654147289397712	0.08372422358455972	0.1630822652007938

Resumo final
status = finalizado
f_final = 0.3034149068250712
RMSD = 0.10103592828977136
avaliacoes = 85
tempo_s = 151.023231
x_final = [0.08372422358455972, 0.1630822652007938]
maxiter = 100
grad_tol = 0.001
x_abstol = 0.0
gradientes = 85
gnorm = 9.603180008009453
