Metodo = BFGS
tbeg = 0.0 | tend = 31.0 | dim = 3
x0 = [0.09, 0.09, 0.09]
lower = [0.0, 0.0, 0.0]
upper = [0.5, 0.5, 0.5]
rmsd_tol = 0.09
grad_tol = 0.001

iter	f	x1	x2	x3
0	22.1679256727995	0.09	0.09	0.09
1	3.380000000000001e56	0.09863671725270774	0.0919154903805609	0.3444415736239361
2	3.93276689133599	0.09431835862635386	0.09095774519028045	0.21722078681196808
3	3.1919106756080478	0.09215917931317694	0.09047887259514023	0.15361039340598404
4	1.6028215239303891	0.09315789247483221	0.09070037173632034	0.1830329322034461
5	1.6028215239303891	0.09315789247483221	0.09070037173632034	0.1830329322034461
6	3.380000000000001e56	0.07859629316871747	0.03424336061920975	0.19065736975339023
7	3.330399136609556	0.08587709282177484	0.06247186617776505	0.18684515097841817
8	1.5609166571086717	0.08951749264830353	0.07658611895704269	0.18493904159093214
9	1.3684565419245502	0.09125783749015205	0.08333363796359777	0.18402779892567975
10	1.3684565419245502	0.09125783749015205	0.08333363796359777	0.18402779892567975
11	1.5555985198508369	0.2632048888106176	0.019868650199009186	0.18070587186962464
12	1.0960401063556084	0.17723136315038482	0.05160114408130348	0.1823668353976522
13	1.0996664811324857	0.16579628257198042	0.05582178784007866	0.1825877551707443
14	1.0996664811324857	0.16579628257198042	0.05582178784007866	0.1825877551707443
15	1.048308267280344	0.18511507468338728	0.045811202322999206	0.18231339856303427
16	1.0700209393844307	0.17545567862768385	0.05081649508153893	0.18245057686688929
17	1.048308267280344	0.18511507468338728	0.045811202322999206	0.18231339856303427
18	1.048308267280344	0.18511507468338728	0.045811202322999206	0.18231339856303427
19	1.0197640752497414	0.20054889363437603	0.03662960340919185	0.1818950148078736
20	1.0307419778124873	0.19283198415888164	0.04122040286609553	0.18210420668545393
21	1.0197640752497414	0.20054889363437603	0.03662960340919185	0.1818950148078736
22	1.0197640752497414	0.20054889363437603	0.03662960340919185	0.1818950148078736
23	1.0119125601973635	0.2145618390931551	0.02959177937815148	0.1814051667555635
24	1.0149416926968704	0.20755536636376556	0.03311069139367166	0.18165009078171857
25	1.0119125601973635	0.2145618390931551	0.02959177937815148	0.1814051667555635
26	1.0119125601973635	0.2145618390931551	0.02959177937815148	0.1814051667555635
27	1.0099688326730645	0.21733034245723	0.02748644987904317	0.18122452165612818
28	1.0106823160406835	0.21594609077519256	0.028539114628597324	0.18131484420584584
29	1.0099766299951434	0.21730732493301083	0.02750395373089465	0.18122602355170297
30	1.0099766299951434	0.21730732493301083	0.02750395373089465	0.18122602355170297
31	1.0096285966414822	0.21875615643756566	0.02680031612280886	0.18117348724471943
32	1.0097932961543952	0.21803174068528824	0.027152134926851756	0.1811997553982112
33	1.0096348191293827	0.21872720704136372	0.02681437564859569	0.18117453698332678
34	1.0096348191293827	0.21872720704136372	0.02681437564859569	0.18117453698332678
35	1.009623036450625	0.2187607350489033	0.026788819521043616	0.18117246275461552
36	1.0096288926392767	0.21874397104513352	0.026801597584819654	0.18117349986897116
37	1.009623036450625	0.2187607350489033	0.026788819521043616	0.18117246275461552
38	1.009623036450625	0.2187607350489033	0.026788819521043616	0.18117246275461552
39	1.0096219354616518	0.21876422023820297	0.026786384169763252	0.18117236958714528
40	1.0096224857414373	0.21876247764355314	0.026787601845403432	0.1811724161708804
41	1.0096224857414373	0.21876247764355314	0.026787601845403432	0.1811724161708804
42	1.0096219190812425	0.21876427990654249	0.02678634537635361	0.18117240243982174
43	1.009622202354811	0.2187633787750478	0.02678697361087852	0.18117240930535108
44	1.009622202354811	0.2187633787750478	0.02678697361087852	0.18117240930535108
45	1.4238135898622113	0.21833156678439863	0.0120989243994382	0.1801826933536748
46	1.1143728714559606	0.21854747277972322	0.01944294900515836	0.18067755132951294
47	1.0352787706001563	0.2186554257773855	0.02311496130801844	0.180924980317432
48	1.0097253070139616	0.2187525834752816	0.026419772380592513	0.1811476664065592
49	1.01564240967409	0.21870940227621666	0.02495096745944848	0.18104869481139155
50	1.009604592831433	0.2187579811251647	0.026603372995735515	0.18116003785595514
51	1.009604592831433	0.2187579811251647	0.026603372995735515	0.18116003785595514
52	1.0243167849900459	0.24738022952965422	0.011156073003267734	0.18286298930014352
53	1.0115829760073602	0.23306910532740946	0.018879722999501625	0.18201151357804932
54	1.0090705475238093	0.22327616941215903	0.024164926899351697	0.18142885864039235
55	1.0090705475238093	0.22327616941215903	0.024164926899351697	0.18142885864039235
56	1.0266863193561848	0.25465716561060614	0.007844207445736582	0.1779407023648364
57	1.0115494333189936	0.23896666751138257	0.01600456717254414	0.17968478050261438
58	1.008523328359295	0.22804322114452294	0.02168566481816157	0.1808989767554773
59	1.008523328359295	0.22804322114452294	0.02168566481816157	0.1808989767554773
60	1.0085224986877412	0.2280323523716239	0.02167526919795443	0.18091066341202905
61	1.0085227397353325	0.22803778675807343	0.021680467008058	0.18090482008375317
62	1.0085224986877412	0.2280323523716239	0.02167526919795443	0.18091066341202905
63	1.0085224986877412	0.2280323523716239	0.02167526919795443	0.18091066341202905
64	1.0085224751183965	0.2280562866479755	0.021660366743605722	0.18091076451242688
65	1.0085224835262352	0.2280443195097997	0.021667817970780077	0.18091071396222796
66	1.0085224751183965	0.2280562866479755	0.021660366743605722	0.18091076451242688
67	1.0085224751183965	0.2280562866479755	0.021660366743605722	0.18091076451242688

Resumo final
status = convergido
f_final = 1.0085224751183965
RMSD = 0.05462411834605676
avaliacoes = 68
tempo_s = 1146.632655
x_final = [0.2280562866479755, 0.021660366743605722, 0.18091076451242688]
maxiter = 100
grad_tol = 0.001
x_abstol = 0.0
linesearch = QuadraticBacktracking
gradientes = 68
gnorm = 0.000983146538765661
