Avaliacoes normais de quad_fun no two_dim_problem
tempo_s	n_calfun	RMSD	erro_quadratico_total
2.111	1	1.0000000000000002e27	3.380000000000001e56
4.278	2	1.0000000000000002e27	3.380000000000001e56
5.912	3	1.0000000000000002e27	3.380000000000001e56
5.92	4	1.0000000000000002e27	3.380000000000001e56
8.59	5	1.0000000000000002e27	3.380000000000001e56
10.719	6	1.0000000000000002e27	3.380000000000001e56
12.811	7	1.0000000000000002e27	3.380000000000001e56
14.916	8	1.0000000000000002e27	3.380000000000001e56
16.993	9	1.0000000000000002e27	3.380000000000001e56
