Metodo = BOBYQA
tbeg = 0.0 | tend = 15.0 | dim = 3
x0 = [0.09, 0.09, 0.09]
lower = [0.0, 0.0, 0.0]
upper = [0.5, 0.5, 0.5]
rmsd_tol = 0.09
rhobeg = 0.05
rhoend = 0.0001

iter	f	x1	x2	x3
0	14.560703520707763	0.09	0.09	0.09
1	15.032251055784311	0.14	0.09	0.09
2	20.45813948447016	0.09	0.14	0.09
3	3.7103850730354035	0.09	0.09	0.14
4	3.380000000000001e56	0.039999999999999994	0.09	0.09
5	20.81532832050735	0.09	0.039999999999999994	0.09
6	37.954815820990824	0.09	0.09	0.039999999999999994
7	3.946112382665651	0.11499999999999999	0.09	0.14
8	6.866461523793842	0.10484243336983633	0.09	0.11988278916792963
9	3.147756485375729	0.08499999999999999	0.09	0.14500000000000002
10	2.1553753052161966	0.08946658254169121	0.09	0.15667474369732626
11	2.0415382170230894	0.0894345806312071	0.09299970595127956	0.16067483620670445
12	2.0774645470196003	0.08484072490963719	0.09494921360129825	0.16098452884775033
13	2.4595516626371663	0.0904989947403081	0.09607088825742853	0.15687551233965336
14	1.8039125937917078	0.08644369608292105	0.09279243419972091	0.16467629194678574
15	1.682536905993302	0.08908299182868462	0.09295112225268057	0.1689199856289737
16	1.920363215603504	0.08732498772716865	0.09747389751176987	0.1701257739747553
17	1.548777888537849	0.08917832048308771	0.09046813084807971	0.16919506040485838
18	1.5130499754321007	0.08835024778301491	0.09048314328656586	0.17013131369862286
19	1.554839047609544	0.08778008270954195	0.09158588035504192	0.17027754210489335
20	1.493262389478943	0.0882918255791152	0.09050842808163395	0.17083554911752044
21	1.4562871656122893	0.08816474139927176	0.08992020751144553	0.17120682552673697
22	1.3882236029290953	0.0878967930284479	0.08875507439122889	0.1719622515540534
23	1.2754582110942494	0.08717755418991585	0.08662334582499699	0.17367643614535563
24	1.1469251371457807	0.08433084797204131	0.08336393582684826	0.17731958178794013
25	1.0444532377942068	0.09303631067120854	0.08092475348964445	0.1841214424686128
26	1.1057005348830349	0.1147699953800691	0.07774796169481649	0.1895578882623419
27	1.0242706679630587	0.0936406121735274	0.0791737279054411	0.1856022908779329
28	1.0181434594481575	0.10178131607449267	0.07635119843740892	0.1900042137530246
29	0.9949057022046309	0.0994909767561814	0.07644262054911241	0.18708945267338212
30	0.9747135497899312	0.10192296584861116	0.07497180930799628	0.1841188009609584
31	0.9743177844204554	0.10215220040602331	0.0748140291434785	0.1837722841022742
32	0.9719673047450325	0.10249794744715025	0.07428563701676168	0.18409049903588928
33	0.9691528110831972	0.10302381175345562	0.07389441990666562	0.18435585898788293
34	0.9618294061797377	0.10441493001247772	0.07364131386297877	0.1843828278600231
35	0.9490658882184956	0.10705774372202634	0.07263622060768361	0.18430986728997267
36	0.9263531919997757	0.11216414501930053	0.07020260734514443	0.1842630455045536
37	0.8862826248006413	0.12239939769837656	0.06538270871137876	0.1843534875063593
38	0.8297798101030286	0.14276625926364617	0.05555830522671655	0.18353370329591107
39	0.7750522161201963	0.16766979890594608	0.04362178971810739	0.18252303410858065
40	0.6016076220103169	0.21905647222522803	0.0240830925897315	0.17683078628023136
41	0.7725620366357252	0.29628685131962657	0.0	0.1699054174390123
42	0.6652707212154259	0.21921342262299057	0.020519810827602174	0.19111129400649748
43	0.46918777404399215	0.2665747515190513	0.0	0.1845685201520209
44	0.455848421272296	0.26859613199664767	0.0	0.17921763173142144
45	0.44833612733912387	0.271906565718622	0.0	0.18107015406041385
46	0.4482782100169205	0.27151656039488253	0.0	0.18103024122243655
47	0.4506888865138642	0.27151644795156693	0.0007070736013178352	0.18102339215856417
48	0.44877762474453176	0.2717910431898802	0.0	0.18168190002522394
49	0.4489678793830406	0.2708686474655741	0.00025419222074496125	0.18115512176915097
50	0.44899673458156114	0.2721386943601149	0.000142181702335277	0.1813347632952413
51	0.4482774878072146	0.2716496858962169	0.0	0.1809860422203775
52	0.44829894702918527	0.27173138138325426	0.0	0.18092837206000204
53	0.4482731492075382	0.27160639255550273	0.0	0.18102939924678613
54	0.44828139985383103	0.2716122772590789	0.0	0.18103618150403017

Resumo final
status = XTOL_REACHED
f_final = 0.4482731492075382
RMSD = 0.05541086568235575
avaliacoes = 55
tempo_s = 339.124718
x_final = [0.27160639255550273, 0.0, 0.18102939924678613]
rhobeg = 0.05
rhoend = 0.0001
