Metodo = BOBYQA
tbeg = 0.0 | tend = 5.0 | dim = 1
x0 = [0.09]
lower = [0.0]
upper = [0.5]
rmsd_tol = 0.09

iter	f	x1
0	2.100479089231111	0.09
1	1.0802730707226025	0.1575
2	3.380000000000001e56	0.022499999999999992
3	0.9834192475095195	0.12374999999999999
4	0.9044384977317343	0.140625
5	1.0802730707226025	0.1575
6	0.9032588605642188	0.133875
7	0.8985938467468981	0.13706777356809252
8	0.8987885069588135	0.1363927735680925
9	0.8985974937050665	0.13713527356809252
10	0.8985935603682329	0.13704294465453418
11	0.8985935806497042	0.13703619465453418
12	0.8985935820424578	0.13704969465453418
13	0.8985935603624458	0.13704283261865438
14	0.8985935603645303	0.13704276511865437
15	0.8985935603624676	0.13704283936865438
16	0.8985935603624674	0.13704282586865438
17	0.8985935603624525	0.13704283194365438
18	0.8985935603624455	0.13704283329365438
19	0.898593560362442	0.1370428332361083
20	0.8985935603624491	0.1370428330673583
21	0.8985935603624436	0.1370428333036083
22	0.8985935603624506	0.13704283322621605
23	0.898593560362448	0.1370428332428583
24	0.8985935603624464	0.13704283323529262
25	0.8985935603624459	0.1370428332367833
26	0.8985935603624441	0.13704283323606273
27	0.8985935603624458	0.13704283323614205
28	0.8985935603624463	0.13704283323609712
29	0.8985935603624473	0.13704283323611505
30	0.8985935603624491	0.13704283323610567
31	0.8985935603624541	0.13704283323611
32	0.8985935603624509	0.13704283323610764
33	0.8985935603624525	0.13704283323610864
34	0.8985935603624476	0.13704283323610814
35	0.8985935603624445	0.13704283323610836
36	0.8985935603624449	0.13704283323610827
37	0.898593560362442	0.1370428332361083
38	0.898593560362442	0.1370428332361083
39	0.898593560362442	0.1370428332361083
40	0.898593560362442	0.1370428332361083
41	0.898593560362442	0.1370428332361083
42	0.898593560362442	0.1370428332361083
43	0.898593560362442	0.1370428332361083
44	0.898593560362442	0.1370428332361083
45	0.898593560362442	0.1370428332361083
46	0.898593560362442	0.1370428332361083
47	0.898593560362442	0.1370428332361083
48	0.898593560362442	0.1370428332361083
49	0.898593560362442	0.1370428332361083

Resumo final
status = MAXEVAL_REACHED
f_final = 0.898593560362442
RMSD = 0.18590667223951604
avaliacoes = 50
tempo_s = 90.778472
x_final = [0.1370428332361083]
