Metodo = BOBYQA
tbeg = 0.0 | tend = 5.0 | dim = 2
x0 = [0.09, 0.09]
lower = [0.0, 0.0]
upper = [0.5, 0.5]
rmsd_tol = 0.09

iter	f	x1	x2
0	2.100479089231103	0.09	0.09
1	2.1337757516491496	0.1575	0.09
2	0.3355717041210164	0.09	0.1575
3	3.380000000000001e56	0.022499999999999992	0.09
4	3.380000000000001e56	0.09	0.022499999999999992
5	0.9834192475095175	0.12375	0.12375
6	0.8828959626901322	0.09876167960031652	0.1249071254630495
7	3.380000000000001e56	0.08324999999999999	0.15075
8	0.34321834005534874	0.10385130520628491	0.16713882612574502
9	0.31290565315762364	0.09488857799505927	0.1621544930106535
10	0.3782204106777436	0.09929131380804315	0.15703800814689506
11	0.34245412927313734	0.0952516768856661	0.1587990818293465
12	0.29805698268372316	0.09425328856224434	0.16371784312708731
13	0.28339077161464343	0.09327690831095711	0.1650941925939366
14	0.2555335172900737	0.0912679909642716	0.16780618007439924
15	0.20516481664913955	0.08673843913463403	0.17281074401370772
16	3.380000000000001e56	0.07693640334677238	0.1820935288552022
17	0.21645051015992697	0.08844972574179912	0.17224355222491147
18	0.2350309257760397	0.08397816050583141	0.1666509256810476
19	0.19574879754475355	0.08639684658213508	0.17441428181177168
20	0.19710420833321762	0.08851721224590545	0.17704005302265502
21	0.1876644225594509	0.0854508022585988	0.17518220651611474
22	0.1818552364887801	0.08567504956697278	0.17685474034079124
23	0.17836204785940055	0.0854621070917666	0.17749527176254437
24	0.17986675483149248	0.08600489390775841	0.17789652912682005
25	0.17801196523510507	0.08522442520533122	0.1772556604713653
26	0.17710942927285558	0.08505603580077957	0.17726668639240356
27	0.17604123561211826	0.08491956151415649	0.17736594026684038
28	0.17391612498790743	0.0846461517680415	0.17756381234857335
29	0.1697111363086222	0.08409739737542116	0.17795686910857103
30	3.380000000000001e56	0.08299322325799473	0.17873359268771974
31	0.16968030134482473	0.0842752786664872	0.17820918402903063
32	0.17316301887107163	0.08450349820100281	0.17757393538159763
33	0.16882415572483014	0.08416426790498735	0.17829202916134845
34	0.17065381774569752	0.08430889007264977	0.17798708543109545
35	0.16788767952829217	0.08403448398630943	0.17837170490122886
36	0.16884840635582898	0.08412360308027919	0.1782284067868309
37	0.16747374248887978	0.08398253522981995	0.1784148045149069
38	0.16734008131734804	0.08400171440670605	0.17847952243494436
39	0.1669257043330068	0.08394660457424268	0.17851849879144235
40	0.16609874026067273	0.08383619339932905	0.17859618001474756
41	0.16445199794953735	0.08361486311217342	0.1787508179919317
42	3.380000000000001e56	0.08317017362477137	0.17905716952170445
43	0.16444746230946708	0.0836676053875442	0.1788273045517621
44	0.1653319855508795	0.083915692659479	0.178933853627328
45	0.1651866220568313	0.08373318900618884	0.1787093054459796
46	0.16465792378391686	0.08372902425817016	0.178855304057669
47	0.16462647599650027	0.08368228680929304	0.17879691510695914
48	0.16434638735993617	0.08365228686805772	0.17883438329358126
49	0.1643090830802078	0.08365622313585264	0.1788507927853725

Resumo final
status = MAXEVAL_REACHED
f_final = 0.1643090830802078
RMSD = 0.07949578679697139
avaliacoes = 50
tempo_s = 81.527063
x_final = [0.08365622313585264, 0.1788507927853725]
