Metodo = BOBYQA
tbeg = 0.0 | tend = 31.0 | dim = 2
x0 = [0.09, 0.09]
lower = [0.0, 0.0]
upper = [0.5, 0.5]
rmsd_tol = 0.09
rhobeg = 0.05
rhoend = 0.0001

iter	f	x1	x2
0	22.167925672799463	0.09	0.09
1	27.507771224084657	0.14	0.09
2	7.755518207991141	0.09	0.14
3	3.380000000000001e56	0.039999999999999994	0.09
4	62.62120120646327	0.09	0.039999999999999994
5	12.630890561401797	0.11499999999999999	0.14
6	12.700452690488774	0.10484243336983633	0.11988278916792963
7	3.380000000000001e56	0.08499999999999999	0.14500000000000002
8	9.54648405092201	0.09180056740687997	0.12763036148413054
9	3.380000000000001e56	0.08646446609406726	0.13646446609406726
10	8.310502233111706	0.09446870075962563	0.14224292521518692
11	8.179510517529252	0.09224192417179246	0.13889375590038514
12	7.642697781564133	0.0895	0.1405
13	7.675957376047531	0.09023811264504351	0.14150880608802033
14	7.59975113765348	0.08957717084112221	0.1412028831064128
15	7.7137872310845985	0.09011886411744352	0.1407483851477944
16	7.583012261130058	0.08963630056059228	0.14155145688092172
17	7.555669240305595	0.08951254341663686	0.1416776875005035
18	7.532407223403009	0.08943010463359755	0.14183406475924337
19	7.516055663499609	0.08933733856143	0.14187140717285854
20	7.499699842654288	0.08924702156959795	0.14191433549668336
21	7.467064763836354	0.08906640051919233	0.14200021934935875
22	7.402101096065394	0.08870520843360287	0.14217209220151272
23	7.273402145614374	0.0879830304642544	0.14251627090594943
24	3.380000000000001e56	0.08653953285543871	0.1432064264343221
25	7.273886202323833	0.08787657910190154	0.14229339893043882
26	7.2745051491616675	0.08832144574162748	0.14324116751929541
27	7.247860460986427	0.08783830690290727	0.14258449913171412
28	7.208459282810166	0.08774962485453622	0.14297454463456824
29	7.177109689684453	0.08758413676050007	0.14308685532298338
30	7.15170937649319	0.08748846852923846	0.14326249014164777
31	7.13717014263975	0.08738850127624638	0.14326504911199106
32	7.152960715762008	0.08747704955137235	0.14321858188728145

Resumo final
status = SUCCESS
f_final = 7.13717014263975
RMSD = 0.14531306890977014
avaliacoes = 33
tempo_s = 343.610001
x_final = [0.08738850127624638, 0.14326504911199106]
rhobeg = 0.05
rhoend = 0.0001
