Avaliacoes normais de quad_fun no full_dim_problem
tempo_s	n_calfun	RMSD	erro_quadratico_total
2.015	1	0.26276702835241766	1.7952092909181672
4.008	2	0.26276702835241766	1.7952092909181672
5.97	3	1.0000000000000002e27	3.380000000000001e56
7.959	4	0.1554429328221334	0.6282251394730033
9.931	5	1.0000000000000002e27	3.380000000000001e56
11.912	6	0.160931343957569	0.673371334167724
13.889	7	1.0000000000000002e27	3.380000000000001e56
15.871	8	0.1642671802004961	0.7015763687665787
17.852	9	1.0000000000000002e27	3.380000000000001e56
19.839	10	0.17057419132279997	0.7564844233811064
21.817	11	1.0000000000000002e27	3.380000000000001e56
23.827	12	0.17394801111436325	0.7867056748367088
25.803	13	1.0000000000000002e27	3.380000000000001e56
27.782	14	0.18403257297393188	0.8805676858005448
29.767	15	0.8892377165904141	20.559336631780276
31.747	16	0.2016724932709853	1.0574666580955259
33.728	17	0.3857921313096872	3.869724783092245
35.792	18	0.22443208453312444	1.3096137747649712
37.773	19	0.3320502128276808	2.866690939811611
39.751	20	0.2336128309636092	1.418948824561628
41.731	21	0.32393055256233083	2.7282060749667614
43.709	22	0.2446463331776384	1.5561475367688655
45.693	23	0.3053451999856609	2.424127970011365
47.771	24	0.2579350437834044	1.7297926571002158
49.749	25	0.3294799941975961	2.822483730987647
51.729	26	0.26573565472653876	1.836001393016498
53.708	27	0.30305093541770894	2.3878366058962586
55.687	28	0.2630137608723894	1.7985821986141999
57.701	29	0.2733980023672881	1.9434081601590156
59.681	30	0.26734659009383216	1.8583291801047879
61.664	31	0.2899578823982309	2.185964912686524
63.643	32	0.270393813093067	1.9009331681342196
65.621	33	0.27333012897098397	1.9424433444856632
67.601	34	0.267190716137339	1.856162848539586
69.579	35	0.2723708624574518	1.9288330546112193
71.555	36	0.2687590900240376	1.8780176602342673
73.532	37	0.2735432190310081	1.945473209623998
75.509	38	0.2707489744324028	1.905930186061146
77.489	39	0.27369626076702186	1.94765072210409
79.468	40	0.2686730019410432	1.8768147312723074
82.383	41	0.2668913338733279	1.8520055865137888
84.454	42	0.26538519894190427	1.8311618992532865
86.449	43	0.2670922018943979	1.8547943521327432
88.429	44	0.26791497547710597	1.8662392862073554
90.411	45	0.26958183976880173	1.889533576661429
92.392	46	0.2674772403587472	1.8601459268582066
94.367	47	0.2667246750585811	1.8496933594127476
96.344	48	0.265528097268346	1.8331344314126534
98.319	49	0.2652608882117675	1.8294468091872915
100.299	50	0.2650622827265469	1.8267083568294054
102.279	51	0.2638575608004687	1.8101411221808983
104.261	52	0.26207353126509564	1.7857459305336836
106.251	53	0.26182930336535704	1.782419186620492
108.23	54	0.2622676971899376	1.7883929697221326
110.212	55	0.2620060715653697	1.7848267199650585
112.192	56	0.2624749292597777	1.7912203007380583
114.176	57	0.2620428834763756	1.7853282922959475
116.172	58	0.2616752612285679	1.7803225008150203
118.153	59	0.25907907597459157	1.745171157804053
120.225	60	0.2600647314846032	1.7584752786161275
122.212	61	0.25967984783018033	1.7532742075967462
124.195	62	0.2624924415312078	1.7914593283863782
126.274	63	0.25957206611788525	1.7518190952264026
128.258	64	0.2646359446746917	1.8208367635605285
130.241	65	0.257043688061373	1.7178578968770033
132.23	66	0.27311347333549885	1.9393652022518861
134.209	67	0.2517811862515813	1.6482379095065902
136.198	68	0.28135794630884814	2.0582196427294495
138.28	69	0.2453152318430463	1.5646686373293963
140.259	70	0.2823376193006526	2.0725778130813666
142.246	71	0.2360608678267179	1.4488430662966827
144.225	72	0.31979830985395497	2.6590449336216007
146.207	73	0.21374666331825393	1.1878785380718622
148.186	74	0.4093119446829193	4.355942969562943
150.164	75	0.18194287664852177	0.8606834694416193
152.147	76	1.0000000000000002e27	3.380000000000001e56
154.129	77	0.17296658998716988	0.7778534725465331
156.11	78	1.0000000000000002e27	3.380000000000001e56
158.092	79	0.1662942794855048	0.7189984721296827
160.065	80	1.0000000000000002e27	3.380000000000001e56
162.047	81	0.16242092823787926	0.6858945061710124
164.104	82	1.0000000000000002e27	3.380000000000001e56
166.084	83	0.16056528188380495	0.6703114534070692
168.052	84	1.0000000000000002e27	3.380000000000001e56
170.033	85	0.15834138580849907	0.6518718559536548
171.982	86	1.0000000000000002e27	3.380000000000001e56
173.978	87	0.1552433502275788	0.6266129425369499
175.878	88	1.0000000000000002e27	3.380000000000001e56
177.857	89	0.15290683428821455	0.6078929992731311
179.661	90	1.0000000000000002e27	3.380000000000001e56
181.64	91	0.14902248257203732	0.5774002081102624
183.217	92	1.0000000000000002e27	3.380000000000001e56
185.199	93	0.14418049356265977	0.5404883828232765
186.549	94	1.0000000000000002e27	3.380000000000001e56
188.527	95	0.1428931139930811	0.5308794926926313
188.572	96	1.0000000000000002e27	3.380000000000001e56
190.567	97	0.15718499186977647	0.642385163396644
190.596	98	1.0000000000000002e27	3.380000000000001e56
192.58	99	0.1982329344220001	1.021703703528482
192.625	100	1.0000000000000002e27	3.380000000000001e56
194.61	101	0.28317921981448935	2.084952233903315
194.639	102	1.0000000000000002e27	3.380000000000001e56
196.641	103	0.26276702835241766	1.7952092909181672
196.653	104	1.0000000000000002e27	3.380000000000001e56
198.629	105	1.0000000000000002e27	3.380000000000001e56
200.614	106	0.16223738493900874	0.6843451958680506
202.585	107	1.0000000000000002e27	3.380000000000001e56
204.567	108	0.16534626625980636	0.7108240819175283
206.548	109	1.0000000000000002e27	3.380000000000001e56
208.527	110	0.17030262057587275	0.7540775469502518
210.526	111	3.9759587147625655	411.0144402389062
212.509	112	0.17609871549282358	0.806279697553783
214.505	113	1.4614475493548753	55.531552427399646
216.489	114	0.17952985133484772	0.8380051555281255
218.471	115	0.5373249427195715	7.506670445783362
220.457	116	0.19003033354193083	0.9388997193174945
222.443	117	0.35882712030638153	3.3476794589516308
224.423	118	0.21428666570889776	1.1938881526165592
226.408	119	0.30241615363699276	2.3778437794954232
228.393	120	0.22839661318727722	1.356290335800887
230.376	121	0.29050101593970096	2.1941618468119577
232.359	122	0.23142196672903823	1.392459293803138
234.342	123	0.2785220302945641	2.0169375553445588
236.322	124	0.23930343155979514	1.4889194412636326
238.3	125	0.26727977921133317	1.857400489756734
240.282	126	0.22076035827745064	1.2671135304564975
242.264	127	0.26034222543037705	1.7622299328930726
244.343	128	0.23628581945187146	1.4516057003251024
246.319	129	0.262699346091167	1.7942846073548957
248.298	130	0.2555617967237899	1.6981076305619844
250.318	131	0.25941496429637384	1.7496992162231113
252.296	132	0.2432236457849657	1.538101288592192
254.29	133	0.25693066254880664	1.7163474993019874
256.269	134	0.2552436271723233	1.6938820395141836
258.266	135	0.25950712156848066	1.7509425997637134
260.25	136	0.255832680102662	1.7017093654212863
262.231	137	0.2583354233965544	1.7351669655184025
264.214	138	0.25478110394793557	1.6877486841521472
266.192	139	0.25655006075762116	1.7112662755432164
268.177	140	0.25428034138167277	1.681120792342681
270.16	141	0.25815506396612103	1.732744963335153
272.15	142	0.25972839029487615	1.753929754854356
274.135	143	0.26087674010975176	1.7694735117875653
276.12	144	0.25950975600505	1.7509781500068153
278.105	145	0.2585655351150753	1.7382595346829761
280.095	146	0.2570912166582289	1.7184932357530187
282.082	147	0.25880789132081944	1.741519639858156
284.064	148	0.2594405507319378	1.7500443834663708
286.044	149	0.26034099249065795	1.7622132416465415
288.024	150	0.260485310268555	1.764167518508339
290.006	151	0.26045205255681814	1.7637170637075485
291.989	152	0.261542404792055	1.77851516711469
294.041	153	0.26320005513417943	1.8011309945885123
296.025	154	0.263407923909793	1.80397709384015
298.007	155	0.263041907620999	1.7989671742872482
299.994	156	0.26326548027863955	1.8020265407649114
301.987	157	0.2628982891377683	1.797003271220706
303.969	158	0.2632593893008253	1.8019431574311313
305.954	159	0.2635390538334107	1.8057736552806432
307.95	160	0.26560689368751256	1.8342225713325695
309.93	161	0.2645309404655383	1.819392080053137
311.916	162	0.26496885794450165	1.8254208876907507
313.912	163	0.26284234275389945	1.7962385257533173
315.904	164	0.26519436526879964	1.8285293356283598
318.025	165	0.26064914703701847	1.7663874241292572
320.009	166	0.2670288333626633	1.8539143440226504
321.994	167	0.25281478352661213	1.6617981840098015
323.983	168	0.27149096576138004	1.9163909567412176
325.968	169	0.2474391978336275	1.591880072238275
327.954	170	0.2787967583664815	2.0209184443671147
329.952	171	0.24827545179919108	1.6026581991184037
331.94	172	0.29003665391185546	2.1871527759220206
333.921	173	0.2275480855321578	1.3462314119631051
335.903	174	0.3324329894203469	2.8733040038286597
337.891	175	0.20482119446747946	1.090744764280211
339.876	176	0.8780308031897355	20.044390375100313
341.861	177	0.1766923992869855	0.8117253031105793
343.901	178	1.0000000000000002e27	3.380000000000001e56
345.895	179	0.16974304982077426	0.7491302770239041
347.891	180	1.0000000000000002e27	3.380000000000001e56
349.884	181	0.16441533759882843	0.7028424841811548
351.866	182	1.0000000000000002e27	3.380000000000001e56
353.853	183	0.1617528292118246	0.6802634217087721
355.828	184	1.0000000000000002e27	3.380000000000001e56
357.814	185	0.16005203878498375	0.6660330330999786
359.79	186	1.0000000000000002e27	3.380000000000001e56
361.824	187	0.15645998778663814	0.6364729222330688
363.753	188	1.0000000000000002e27	3.380000000000001e56
365.737	189	0.15437435990585954	0.6196175179049402
367.628	190	1.0000000000000002e27	3.380000000000001e56
369.611	191	0.1514426149920041	0.5963065065260259
371.305	192	1.0000000000000002e27	3.380000000000001e56
373.287	193	0.14692099271518527	0.5612302306108037
374.774	194	1.0000000000000002e27	3.380000000000001e56
376.759	195	0.14225752190459975	0.5261672659993796
376.813	196	1.0000000000000002e27	3.380000000000001e56
378.802	197	0.14694401466301876	0.5614061295774223
378.846	198	1.0000000000000002e27	3.380000000000001e56
380.962	199	0.17571597422333163	0.8027786935286183
380.99	200	1.0000000000000002e27	3.380000000000001e56
382.977	201	0.2286990760771397	1.359884952361971
383.012	202	1.0000000000000002e27	3.380000000000001e56
385.017	203	0.33542529345721384	2.925263314762309
387.003	204	0.23822903367640355	1.4755798846462185
389.005	205	0.1785137991802561	0.8285465889419888
390.989	206	0.1420824380534688	0.5248728992836627
393.106	207	0.14891273334016816	0.5765500559218407
395.093	208	0.1419612199044664	0.5239776868758709
397.077	209	0.20205244948763276	1.061455000942762
399.064	210	0.14249821244547992	0.5279492543040852
401.05	211	0.14679529007948097	0.560270286927493
403.035	212	0.14154166934113185	0.5208851481567319
405.024	213	0.1491351154116772	0.5782733488702113
407.006	214	0.14116216582265426	0.518095683553306
408.99	215	0.15394284396707317	0.6161583794254365
410.971	216	0.14091586152286634	0.5162892807470227
412.956	217	0.18904566176461773	0.9291948180325786
414.939	218	0.14070888081933722	0.5147737176771916
416.927	219	0.14412647856772695	0.5400834874326699
418.916	220	0.14055936552001677	0.5136803161201317
420.904	221	0.15898126100710372	0.6571510751366298
422.893	222	0.1409779106608375	0.5167440536516722
424.878	223	0.14433085295878728	0.5416162730110878
426.983	224	0.14043517264506666	0.5127729806120918
428.972	225	0.13979990481191415	0.5081443480209267
431.013	226	0.13951804596787235	0.5060974139180268
433.016	227	0.15039368430017688	0.5880747672119131
435.003	228	0.13939939665702644	0.5052369864969178
436.995	229	0.1403443786281199	0.5121101599253401
438.982	230	0.14255184228831763	0.528346721234628
441.035	231	0.1438057353878005	0.5376823277910786
443.022	232	0.14467829108264302	0.5442270056754436
445.139	233	0.14052132268037204	0.5134022953238723
447.126	234	0.13953502526709946	0.5062206051835423
449.113	235	0.1404039491123547	0.5125449920849621
451.103	236	0.14018572530222134	0.5109529770412564
453.091	237	0.15545368462482545	0.6283120496493019
455.077	238	0.13980154865490538	0.5081562981640567
457.063	239	0.14596991595958447	0.553987625496452
459.066	240	0.1394322409107365	0.5054750949401311
461.051	241	0.14932285631008485	0.5797302008316584
463.042	242	0.13938331937524703	0.5051204527216151
465.042	243	0.1389830292935925	0.5022233432222134
467.023	244	0.13961117231456796	0.5067732653112476
469.009	245	0.13926889527939554	0.5042914550009242
471.005	246	0.13871592563525384	0.5002948086459771
473.085	247	0.1403609452296394	0.5122310685897037
475.072	248	0.15665578381722142	0.6380668996880884
477.058	249	0.14720985404383477	0.5634392693177855
479.046	250	0.13847670345467528	0.498570732391526
481.033	251	0.14228860556938625	0.5263972291468897
483.017	252	0.13833809772802366	0.49757316135821394
485.005	253	0.16483414255399598	0.7064276583392877
486.989	254	0.1381660385506344	0.49633620942816015
488.976	255	0.15983139770111296	0.6641979679683748
490.961	256	0.1417823315686386	0.5226579681710236
492.942	257	0.1379999573286512	0.49514369379044826
494.931	258	0.13786323683257962	0.4941630738188544
496.929	259	0.15866294103235712	0.6545221502829681
498.915	260	0.13764943510188093	0.4926315415805401
500.898	261	0.1540911722174758	0.6173463232392504
502.892	262	0.14308869986922407	0.5323337767868869
504.875	263	0.1382668059450775	0.49706045028259666
506.865	264	0.13749203165926105	0.4915055280145723
508.847	265	0.13829544278015324	0.49726636683772457
510.833	266	0.13730800793441902	0.4901907151158804
512.817	267	0.13711309399676178	0.4888000141794856
514.802	268	0.13691189338843002	0.4873665303313255
516.792	269	0.1447112133693314	0.5444747171454282
518.782	270	0.13672515373370298	0.4860379592511224
520.776	271	0.1439605421802606	0.5388405803256994
522.786	272	0.1365176405831934	0.4845637209504514
524.77	273	0.1449894038458878	0.5465701079172344
526.763	274	0.13629461517093178	0.482981775239402
528.761	275	0.136829550173652	0.4867804708188228
530.775	276	0.14427526682553543	0.5411991680570657
532.777	277	0.1410840942355915	0.5175227628032089
534.763	278	0.13615655667864038	0.4820038060911791
536.769	279	0.13610396427070215	0.4816315163452148
536.813	280	1.0000000000000002e27	3.380000000000001e56
538.801	281	0.1365607612114578	0.4848698790689726
540.79	282	0.13630155894752477	0.48303098925966476
542.776	283	0.13657616583587445	0.48497927593513523
544.77	284	0.136358761586485	0.48343650839639624
546.754	285	0.13725701246165342	0.48982667421736054
548.743	286	0.13785282237937596	0.4940884165869543
550.729	287	0.1357318832604768	0.4790017474693282
550.782	288	1.0000000000000002e27	3.380000000000001e56
552.769	289	0.13682632829060212	0.48675754695067835
554.759	290	0.19946667841510657	1.034460850746844
556.748	291	0.13601965979092384	0.48103504409060527
558.729	292	0.13656893230882786	0.48492790507130334
560.722	293	0.13539477221815788	0.47662535294417835
560.786	294	1.0000000000000002e27	3.380000000000001e56
562.785	295	0.13942711161267637	0.5054379057689965
564.774	296	0.1355932278503829	0.47802360941103234
566.76	297	0.1419407378446611	0.523826499557057
568.759	298	0.13560222352956686	0.47808703868022806
570.744	299	0.13563427061740413	0.4783130395137956
572.739	300	0.1356139380547027	0.4781696450623234
574.73	301	0.13577700851276833	0.4793202970575855
576.716	302	0.13560647205595996	0.4781169968500601
578.714	303	0.13536748558886627	0.4764332600209498
580.704	304	0.1371008511981118	0.48871272838041663
582.697	305	0.13550349986402827	0.4773911603604184
584.691	306	0.1362870834279519	0.48292839684173566
586.678	307	0.13740386191688864	0.4908753530115604
588.669	308	0.15311539198601257	0.6095524048387874
590.658	309	0.13699124603492194	0.4879316387452134
592.658	310	0.13562883897524458	0.47827473100609347
594.648	311	0.140014012562001	0.5097020165565165
596.641	312	0.13566517661792998	0.4785310438161275
598.629	313	0.1366432131796514	0.4854555604095511
600.624	314	0.13561034713765652	0.4781443225206884
602.609	315	0.13644701712354787	0.484062500529758
604.603	316	0.13555998128208246	0.47778922165516235
606.599	317	0.13564112193732625	0.4783613629708318
608.592	318	0.1355907000631242	0.4780057865338108
610.583	319	0.1364615577996808	0.4841656756850062
612.577	320	0.13559573135608888	0.4780412614118082
614.57	321	0.13637824888309294	0.4835746959788898
616.577	322	0.13560082839922824	0.47807720122648056
618.571	323	0.13543079327098664	0.4768789939162268
620.558	324	0.13496237349722567	0.47358589876012075
622.55	325	0.13577054777884717	0.47927468274837387
624.54	326	0.13418313288421554	0.4681329419161992
626.529	327	0.13457006827200693	0.4708366851430477
628.529	328	0.13431718337227622	0.4690687494756035
630.517	329	0.1344340740945308	0.4698855272189985
632.507	330	0.13392321091199638	0.46632108694545565
634.495	331	0.13441280554981425	0.4697368596900766
636.488	332	0.13422433527252622	0.4684204766631397
636.536	333	1.0000000000000002e27	3.380000000000001e56
638.525	334	0.13424385215989756	0.46855670791093934
640.514	335	0.1329548725675947	0.45960195162609885
642.501	336	0.13288845419292122	0.4591428727023871
644.491	337	0.13285441983465582	0.4589077186096777
646.478	338	0.13317775985705935	0.4611442087341588
648.474	339	0.13349397627096143	0.46333668421643237
650.461	340	0.1334266577621624	0.46286949804111144
652.447	341	0.1344014794422952	0.4696576995832201
654.439	342	0.13321235624422212	0.46138382825957613
656.426	343	0.13239822616769678	0.45576154760116727
658.442	344	0.13241444819321327	0.45587323834814214
660.445	345	0.13397449377567452	0.46667828954365453
662.443	346	0.13125751944312677	0.4479419466694328
664.434	347	0.13245213943960674	0.45613280029535475
666.42	348	0.13156037084122998	0.4500114105729308
668.424	349	0.1316517569858766	0.4506368130541761
670.413	350	0.13043564454623818	0.4423498915730075
672.43	351	0.1315909640815208	0.45022072752550657
674.423	352	0.1303417817585738	0.4417134818719917
676.41	353	0.1303782344489762	0.44196058446883735
678.401	354	0.13088451480111482	0.44539966158280436
680.392	355	0.13086852772869995	0.4452908602968151
682.38	356	0.1308815540713024	0.44537951109910046
684.369	357	0.13082858156476151	0.44501906161043375
686.361	358	0.13087719142639068	0.44534982012716295
688.346	359	0.1310597224802684	0.44659292227172925
690.338	360	0.1308541269753351	0.4451928662084052
692.327	361	0.13065926053346108	0.4438679014419223
694.319	362	0.13088091007560743	0.4453751281777002
696.309	363	0.13039083514380226	0.44204601712695357
698.306	364	0.1306631053354141	0.44389402449323134
700.332	365	0.13426277610562207	0.46868881923729844
702.323	366	0.13089037521735225	0.44543954843802075
704.366	367	0.13930099264989887	0.5045239303844267
706.359	368	0.1308243214674492	0.44499008027288084
708.346	369	0.1303630545827778	0.4418576760039599
710.337	370	0.13087139965200903	0.4453104044187726
712.332	371	0.13166795798213493	0.45074773013881647
714.321	372	0.13082707084710163	0.4450087841272462
716.308	373	0.12942067656583736	0.4354924995917362
718.305	374	0.12973566827230545	0.4376149341736037
720.294	375	0.12995658563772658	0.43910656791600994
722.318	376	0.12993698497484232	0.4389741216731623
724.31	377	0.13093696587388562	0.4457567148387363
726.299	378	0.12978916046464434	0.43797588052704706
728.289	379	0.12913612825290235	0.4335796301239012
730.289	380	0.12970452427542847	0.4374048540553957
732.277	381	0.13101176178878923	0.4462661249020638
734.264	382	0.1296193403673942	0.43683050832923814
736.26	383	0.12961142893747946	0.43677718529159737
738.247	384	0.12976337773896565	0.4378018892578626
740.24	385	0.13041877589116946	0.4422354847287282
742.231	386	0.1296767346666776	0.4372174433591095
744.214	387	0.12857541626975078	0.42982257939243196
746.201	388	0.1285862001072494	0.4298946823085611
748.191	389	0.12912246951839418	0.4334879154977444
750.183	390	0.12910076400308676	0.4333421889206983
752.169	391	0.12795189074067365	0.4256638449469453
754.205	392	0.12853357660021875	0.42954288815475183
756.197	393	0.12652752134837594	0.4162395551226569
758.201	394	0.1270908583557967	0.4199542432179427
760.19	395	0.1257011214824538	0.41082007049061187
762.186	396	0.12614705733403875	0.4137400819249687
764.187	397	0.12403773763690738	0.40001936931013904
766.178	398	0.12455394292784633	0.4033558021707032
768.165	399	0.12608257327234942	0.4133171973574113
770.154	400	0.12588636948608797	0.4120318285820844
772.146	401	0.12395023487757621	0.39945517888136406
774.132	402	0.12425729948088297	0.40143678833132784
776.128	403	0.12357907418608324	0.3970664769939261
778.118	404	0.1301725216459808	0.44056702018350685
780.106	405	0.1240269127070305	0.3999495519665715
782.098	406	0.124242931939757	0.40134395956166435
784.089	407	0.12269573124848394	0.39141030413160516
786.09	408	0.12322259572183239	0.39477901050707975
788.092	409	0.12411700715223939	0.4005308180751551
790.085	410	0.12327662375207579	0.3951252750564823
792.074	411	0.12274811474976317	0.39174459154014674
794.075	412	0.12334735251298914	0.3955788036710538
796.06	413	0.12406164953371926	0.400173615010712
798.06	414	0.12333769448319701	0.3955168588911916
800.062	415	0.12579597369358536	0.41144030193544784
802.049	416	0.12319758369134819	0.3946187603120553
804.036	417	0.12629657061771213	0.4147214174946633
806.028	418	0.12332583967017699	0.39544083098920924
808.017	419	0.12363042398488247	0.3973965251017269
810.007	420	0.12427448934322362	0.401547866239494
811.996	421	0.14338223639282208	0.5345201085381849
813.992	422	0.12330774460227611	0.39532479685140404
815.986	423	0.12564542564419276	0.41045609761806967
817.976	424	0.1232657220546528	0.3950553940750279
819.968	425	0.12344338444608093	0.3961949982510763
821.959	426	0.1233268373349669	0.39544722898317997
823.948	427	0.12283062472912758	0.3922714216550419
825.94	428	0.1242600422550939	0.40145451063218074
827.93	429	0.12914880356753278	0.43366475003605437
829.922	430	0.12682017003999208	0.4181672437532851
831.914	431	0.1263447078053622	0.4150376149509811
833.908	432	0.1233242756385485	0.39543080100608985
835.9	433	0.12322405946267818	0.3947883895920029
837.907	434	0.1232824805562958	0.39516282031494976
839.913	435	0.1224509356203203	0.38985002249158757
841.902	436	0.1279337689406596	0.42554328011941406
843.892	437	0.12569840597719467	0.4108023208953988
845.925	438	0.12301207114630155	0.3934312108402716
847.923	439	0.12187533493195209	0.38619352888416303
849.913	440	0.12250256062630167	0.3901788113600187
851.903	441	0.12213958342821045	0.38787002384043634
853.894	442	0.12246835990532336	0.38996097862539514
855.884	443	0.1273365744677841	0.42157968312692756
857.877	444	0.12397191929147271	0.399594956093097
859.897	445	0.12080983423177202	0.3794704172248141
861.891	446	0.12141671809782614	0.3832925052748215
863.881	447	0.12064212154291984	0.37841755874979277
865.875	448	0.12226098063174863	0.38864143201095713
867.877	449	0.12372241291302258	0.39798812188253185
869.87	450	0.12124086143621476	0.38218300852668113
871.862	451	0.12186765847664216	0.3861448807470668
873.857	452	0.12134834831153415	0.3828609625863728
875.849	453	0.12033982108825836	0.37652348602840485
877.842	454	0.11984174020518633	0.37341311008059175
879.833	455	0.1194707271840693	0.3711046210011482
881.825	456	0.12004942486885754	0.3747084746949303
883.949	457	0.11846613524228725	0.36488985518034117
885.94	458	0.12071211785756894	0.37885680033915
887.931	459	0.1215261622204295	0.3839838107046798
889.922	460	0.11906236611305172	0.3685720226353975
891.93	461	0.12200368343796791	0.387007368083229
893.923	462	0.11951799922640557	0.3713983556161602
895.913	463	0.1269868079419677	0.419266884173545
897.911	464	0.11879040501690932	0.36689016842611527
899.907	465	0.1199706945080178	0.37421715605913947
901.899	466	0.11896324081904186	0.36795856932040305
903.89	467	0.12037692848827317	0.3767557277190416
905.883	468	0.11909733697349291	0.36878856752862077
907.877	469	0.11717080637899029	0.3569539445550736
909.877	470	0.11792950238541729	0.3615915558546757
911.882	471	0.11833923795614373	0.3641085562410611
913.905	472	0.11792043273096461	0.3615359398419067
915.9	473	0.11800421679284111	0.3620498747031879
917.989	474	0.1158111315909927	0.3487176732100419
919.982	475	0.1313878395206973	0.44883187372182914
921.974	476	0.11661667441608249	0.3535856675485313
923.969	477	0.1252141779728475	0.40764334950081427
925.963	478	0.11665503400013501	0.35381832089688897
927.956	479	0.11673118720665948	0.3542804217335807
929.955	480	0.11656717642352407	0.3532855721031777
931.95	481	0.11840707792436704	0.36452613866726535
933.946	482	0.11667508974354858	0.35393999073329296
935.957	483	0.11678367201752914	0.3545990772973433
937.953	484	0.11667623193287958	0.35394692054943283
939.944	485	0.11742572120645504	0.35850880002225877
941.935	486	0.11677539920960443	0.3545488403746246
943.933	487	0.11623177179257722	0.35125544412508547
945.937	488	0.11648117880482499	0.3527644904098019
947.933	489	0.11631438134228286	0.351754917982988
949.927	490	0.1166380472620911	0.3537152857969587
951.951	491	0.11673912033130796	0.35432857760891756
953.942	492	0.11668779946403562	0.3540171061377338
955.965	493	0.11563917528346389	0.34768289036623184
957.955	494	0.11647681800410796	0.35273807744141433
959.947	495	0.11648744162027626	0.352802425436169
961.95	496	0.11642107767514395	0.3524005505030895
963.948	497	0.12357090296379192	0.39701396954145884
965.942	498	0.11566861560141505	0.34785994451384583
966.0	499	1.0000000000000002e27	3.380000000000001e56
967.996	500	0.11644535253909881	0.35254752332683015
