Metodo = BOBYQA
tbeg = 0.0 | tend = 31.0 | dim = 3
x0 = [0.09, 0.09, 0.09]
lower = [0.0, 0.0, 0.0]
upper = [0.5, 0.5, 0.5]
rmsd_tol = 0.09

iter	f	x1	x2	x3
0	22.1679256727995	0.09	0.09	0.09
1	23.643976307028698	0.1575	0.09	0.09
2	36.11541388148279	0.09	0.1575	0.09
3	2.744531435660013	0.09	0.09	0.1575
4	3.380000000000001e56	0.022499999999999992	0.09	0.09
5	37.95006045528493	0.09	0.022499999999999992	0.09
6	3.380000000000001e56	0.09	0.09	0.022499999999999992
7	9.333985460258601	0.12375	0.09	0.12375
8	8.633657380169922	0.09876167960031652	0.09	0.1249071254630495
9	3.380000000000001e56	0.08057049132211652	0.09	0.15898639365368672
10	2.3385780371740874	0.10544239012601941	0.09	0.16430427896222793
11	2.0511508960032967	0.09937839317137706	0.09	0.16726914673905852
12	2.5319131159480235	0.09974483371396088	0.09	0.16052910064657883
13	2.169974030690597	0.09999283083475857	0.09442235055839122	0.1723315356905828
14	1.7002022137744897	0.10198679077296163	0.08759910716492962	0.1730132285235177
15	1.795472041804677	0.10122472700010997	0.0834604121501401	0.16773563793872773
16	1.7889184342719868	0.10174269153062838	0.09092191737842442	0.17888364996026196
17	1.922033738175508	0.10227495435313674	0.08957162512134324	0.17028985567671787
18	1.6824362735313791	0.10339228880428011	0.08744154258843297	0.17393377452355968
19	1.5845039704585022	0.1031006012800364	0.08613642858328781	0.17496297424750762
20	1.5816296696636052	0.10326023793379899	0.0863641572287374	0.1755780196139784
21	1.6128584720110564	0.10308598668547839	0.08701515130155939	0.17553970226008545
22	1.5516198138077253	0.1034978558382724	0.08577813566644224	0.17581411590789
23	1.5349426949684917	0.10346108696485694	0.08574451941351349	0.17648727487684668
24	1.5021091469360282	0.10329997901088517	0.08514133980074597	0.17674387491953697
25	1.445145883216062	0.10300964712214798	0.08394465502140376	0.17729718580256112
26	1.3674420088223096	0.10213456770059862	0.08166217324163395	0.17844370790483377
27	1.3021239709338341	0.10446288349057954	0.07969882733534439	0.18290288029826976
28	1.3925316816987487	0.11330147869533319	0.07886700738250538	0.189053271373036
29	1.2923453221210557	0.10473490268657465	0.07857651833103639	0.18330480333207053
30	1.286636613015496	0.10554520402859256	0.07745018153974333	0.1831301571882024
31	1.2829625073372388	0.10629572443921086	0.07738047719576323	0.1828956955516759
32	1.2800362899818396	0.10771873932112062	0.07776184461296268	0.18232821435879798
33	1.2777517346543315	0.10780825433219049	0.07758192207074568	0.18274103374813366
34	1.2741727847926072	0.1082281980466735	0.07720925649073546	0.18311572380957358
35	1.2680987957980485	0.10930159362121052	0.07655898894944904	0.18361319146210353
36	1.2578359979162526	0.11165149188634049	0.07543162140504239	0.18431818831554167
37	1.238875522830595	0.11646712008454668	0.0731101853842235	0.18508019872090753
38	1.223521714612504	0.12170086871295377	0.07063651696235643	0.18593453081798147
39	1.1779140653328029	0.13253730527065966	0.06623436370210663	0.18553847097498782
40	1.109833656752684	0.15435896483542533	0.05777301343676311	0.18526022376975382
41	1.0977994265536888	0.19678478709127717	0.03820843758200007	0.18821043756885403
42	1.075322357559988	0.18905938487289564	0.04374820346697106	0.1860670453623438
43	1.0732258474918088	0.18696110007592795	0.04436140399754986	0.18607102704817363
44	1.032424195661361	0.19699159553978315	0.03878271742179973	0.183783759937784
45	1.022253827641795	0.20684711627369307	0.034049097457458474	0.1830165118052374
46	1.0389497864070372	0.22708685555374608	0.025631890002757767	0.18290678969739288
47	1.2649971249731395	0.2041805699724979	0.02508235975713751	0.18872740161659426
48	1.033717184284801	0.21539154477864256	0.027412238336710144	0.1847692123316768
49	1.0549234554983091	0.20957023744648126	0.03512734632373227	0.17838469039128468

Resumo final
status = MAXEVAL_REACHED
f_final = 1.022253827641795
RMSD = 0.054994723459689095
avaliacoes = 50
tempo_s = 591.134023
x_final = [0.20684711627369307, 0.034049097457458474, 0.1830165118052374]
