Metodo = BOBYQA
tbeg = 0.0 | tend = 5.0 | dim = 3
x0 = [0.09, 0.09, 0.09]
lower = [0.0, 0.0, 0.0]
upper = [0.5, 0.5, 0.5]
rmsd_tol = 0.09
rhobeg = 0.05
rhoend = 0.0001

iter	f	x1	x2	x3
0	2.100479089231111	0.09	0.09	0.09
1	1.925698816180814	0.14	0.09	0.09
2	2.0805215382319058	0.09	0.14	0.09
3	0.7058799924090537	0.09	0.09	0.14
4	3.380000000000001e56	0.039999999999999994	0.09	0.09
5	3.040199644481122	0.09	0.039999999999999994	0.09
6	4.999933019401062	0.09	0.09	0.039999999999999994
7	0.6028420348754209	0.11499999999999999	0.09	0.14
8	1.9868169372092976	0.11410975169973203	0.09	0.09000792604858376
9	0.38645879309682285	0.09825933889636554	0.09	0.15856745178567216
10	0.2862733786269083	0.10408527278600209	0.09	0.16542419696423938
11	0.4420054559210309	0.10220465907622088	0.09	0.15306647500286708
12	0.2257390724642075	0.10485427334082062	0.09272980355617519	0.16954206178613215
13	0.21486618672965613	0.10239769332523864	0.0905210891324758	0.17329529975108793
14	0.16274144860502424	0.10302890934153293	0.09309331928726844	0.17753619569080975
15	0.15550903844531913	0.10284886472580332	0.09008730342011012	0.181527618061687
16	0.167051499215047	0.09789365757640361	0.09038464314438609	0.18212554046041907
17	0.10988605011098772	0.10457315344878595	0.09368303121114306	0.18454383590073448
18	0.05302744174658898	0.10814981507785168	0.10162944298603199	0.18944914236364535
19	0.020883081074405667	0.11293667469375945	0.10179670707243305	0.19822741085708934
20	0.013787944939761373	0.1321153223449118	0.09694282346823412	0.20116327329082778
21	0.01318927413929282	0.11542867790156192	0.09527066349467347	0.21206096929705043
22	0.010511004388698217	0.11697868331106388	0.1017061444203834	0.2159150420753718
23	0.009784109842733469	0.10703055906838004	0.10195399400334493	0.21492843443484216
24	0.007243046363177588	0.11095992049483086	0.10185612811269018	0.21183803946853663
25	0.008442601080166154	0.12025828338694812	0.10217373019778062	0.20817203668047946
26	0.006818426995841835	0.11381126331650723	0.10224531701301673	0.21013432747713445
27	0.006805106227096872	0.113483401404151	0.10200101750718053	0.20955741819668014
28	0.006782666228493179	0.11321897502917017	0.10182317194671031	0.21018077435057442
29	0.0068254185523697435	0.11300093573895104	0.10246973140494668	0.20999524878660597
30	0.00683684113854643	0.11253978968752158	0.10178934844965355	0.21037458674113954
31	0.006863630442367899	0.1134453988571856	0.10115457791049416	0.21022217803208995
32	0.006773972403931176	0.11342358573340079	0.10189009820537051	0.21009501250977483
33	0.006773039870755687	0.11347569483666312	0.10188740188928692	0.21018032001962464
34	0.00677302066107098	0.11348928200448179	0.10183829603764417	0.21023706240817283
35	0.006773304952251935	0.11345289897590202	0.10185899530326707	0.21018904081805792

Resumo final
status = SUCCESS
f_final = 0.00677302066107098
RMSD = 0.016140037009145177
avaliacoes = 36
tempo_s = 67.816486
x_final = [0.11348928200448179, 0.10183829603764417, 0.21023706240817283]
rhobeg = 0.05
rhoend = 0.0001
