Metodo = MADS
tbeg = 0.0 | tend = 31.0 | dim = 2
x0 = [0.09, 0.09]
lower = [0.0, 0.0]
upper = [0.5, 0.5]
rmsd_tol = 0.09
rhobeg = 0.05
rhoend = 0.0001

iter	f	x1	x2
0	22.167925672799463	0.09	0.09
1	3.380000000000001e56	0.0	0.19
2	3.380000000000001e56	0.19	0.0
3	3.380000000000001e56	0.0	0.28
4	3.380000000000001e56	0.0	0.21
5	7.612590945673657	0.089	0.14
6	3.380000000000001e56	0.086	0.34
7	66.8486814292049	0.179	0.04
8	59.93257682838043	0.134	0.04
9	3.380000000000001e56	0.045	0.24
10	59.80355491009291	0.112	0.04
11	3.380000000000001e56	0.067	0.24
12	60.78658280913417	0.101	0.04
13	3.380000000000001e56	0.039	0.14
14	3.380000000000001e56	0.068	0.24
15	7.755518207991141	0.09	0.14
16	3.380000000000001e56	0.086	0.29
17	11.790799145625604	0.089	0.19
18	7.684296395471436	0.089	0.165
19	7.4734119619613	0.088	0.165
20	3.380000000000001e56	0.087	0.178
21	7.474081623586247	0.088	0.14
22	3.380000000000001e56	0.087	0.165
23	7.233758517252296	0.089	0.146
24	8.320188585157233	0.089	0.171
25	7.002296235358988	0.088	0.148
26	9.002644945742839	0.089	0.129
27	6.981435899293372	0.088	0.156
28	3.380000000000001e56	0.087	0.158
29	7.140882046283005	0.089	0.149
30	3.380000000000001e56	0.087	0.155
31	7.113989240871271	0.089	0.151
32	3.380000000000001e56	0.087	0.153
33	7.110935600268246	0.089	0.152
34	3.380000000000001e56	0.087	0.152
35	12.445545864417802	0.112	0.156
36	3.380000000000001e56	0.087	0.156
37	7.167143461595045	0.089	0.156
38	3.380000000000001e56	0.068	0.056
39	3.380000000000001e56	0.075	0.256
40	14.990870763642596	0.121	0.156
41	9.443626378406853	0.088	0.18
42	6.937663943686967	0.088	0.153
43	7.18055592725653	0.088	0.144
44	3.380000000000001e56	0.087	0.157
45	7.114760684618382	0.089	0.153
46	3.380000000000001e56	0.078	0.171
47	3.380000000000001e56	0.084	0.103
48	14.369091866299016	0.102	0.185
49	7.025713494733604	0.0885	0.153
50	6.890037976620841	0.0875	0.156
51	3.380000000000001e56	0.0865	0.165
52	6.850613424240792	0.0875	0.153
53	7.1068780147986965	0.0875	0.144
54	6.856942819027467	0.0875	0.154
55	3.380000000000001e56	0.0775	0.163
56	3.380000000000001e56	0.0855	0.103
57	3.380000000000001e56	0.087	0.154
58	6.894014035964979	0.08775	0.153
59	6.8130513996402335	0.08725	0.154
60	3.380000000000001e56	0.08625	0.157
61	6.807455414018994	0.08725	0.153
62	6.831993391571625	0.08725	0.15
63	3.380000000000001e56	0.07725	0.137
64	3.380000000000001e56	0.07925	0.173
65	6.829868546543387	0.08738	0.153
66	3.380000000000001e56	0.08712	0.154
67	6.819516630991388	0.08732	0.153
68	3.380000000000001e56	0.08718	0.154
69	6.814345537381189	0.08729	0.153
70	3.380000000000001e56	0.08225	0.146
71	3.380000000000001e56	0.08368	0.163
72	6.822965799206655	0.08734	0.153

Resumo final
status = 1
f_final = 6.807455414018994
RMSD = 0.14191687931036354
avaliacoes = 73
tempo_s = 575.169237
x_final = [0.08725, 0.153]
rhobeg = 0.05
rhoend = 0.0001
factivel = true
