Metodo = MADS
tbeg = 0.0 | tend = 5.0 | dim = 2
x0 = [0.09, 0.09]
lower = [0.0, 0.0]
upper = [0.5, 0.5]
rmsd_tol = 0.09

iter	f	x1	x2
0	2.100479089231103	0.09	0.09
1	3.380000000000001e56	0.0	0.19
2	3.380000000000001e56	0.19	0.0
3	3.380000000000001e56	0.0	0.28
4	3.380000000000001e56	0.0	0.21
5	0.5815946357807374	0.089	0.14
6	3.5732225976668186	0.086	0.34
7	0.5827033728791495	0.088	0.14
8	0.6294187258782791	0.087	0.24
9	5.4031676707804595	0.09	0.04
10	0.64538556665142	0.088	0.24
11	0.8902599496148542	0.139	0.14
12	0.7110382919924105	0.092	0.24
13	1.7826952605018043	0.086	0.29
14	0.22568582085615516	0.092	0.175
15	1.6853916379629719	0.101	0.275
16	0.19115140356304003	0.086	0.175
17	3.380000000000001e56	0.0	0.175
18	1.3628224536550124	0.086	0.275
19	3.380000000000001e56	0.068	0.175
20	0.16616603865359927	0.086	0.191
21	3.380000000000001e56	0.08	0.191
22	0.1907885133886706	0.089	0.191
23	0.17412539786926656	0.087	0.191
24	3.380000000000001e56	0.036	0.191
25	1.768256459209494	0.084	0.291
26	0.59721215220382	0.086	0.239
27	0.1510044209153334	0.084	0.191
28	3.380000000000001e56	0.078	0.191
29	0.20833424293206315	0.084	0.207
30	0.1672997555777992	0.086	0.183
31	0.1690096162889749	0.084	0.199
32	0.1639432462396657	0.086	0.187
33	0.15021573685770723	0.084	0.187
34	3.380000000000001e56	0.083	0.185
35	3.380000000000001e56	0.082	0.191
36	0.15680587204573992	0.085	0.188
37	3.380000000000001e56	0.083	0.19
38	0.15701077110083866	0.085	0.189
39	0.18185422532545545	0.084	0.175
40	0.15206552058143671	0.084	0.192
41	3.380000000000001e56	0.064	0.179
42	3.380000000000001e56	0.081	0.237
43	0.14991600690134965	0.084	0.189
44	0.15729920070833814	0.084	0.195
45	3.380000000000001e56	0.083	0.188
46	3.380000000000001e56	0.074	0.184
47	3.380000000000001e56	0.082	0.209
48	0.15331612669202824	0.0845	0.188
49	0.14653269163724716	0.0835	0.188

Resumo final
status = 0
f_final = 0.14653269163724716
RMSD = 0.0750724500418012
avaliacoes = 50
tempo_s = 61.305255
x_final = [0.0835, 0.188]
factivel = true
