Metodo = MADS
tbeg = 0.0 | tend = 31.0 | dim = 3
x0 = [0.09, 0.09, 0.09]
lower = [0.0, 0.0, 0.0]
upper = [0.5, 0.5, 0.5]
rmsd_tol = 0.09

iter	f	x1	x2	x3
0	22.1679256727995	0.09	0.09	0.09
1	3.380000000000001e56	0.0	0.19	0.19
2	3.380000000000001e56	0.19	0.0	0.0
3	68.22100907698189	0.19	0.19	0.09
4	3.380000000000001e56	0.0	0.0	0.09
5	3.380000000000001e56	0.0	0.313	0.247
6	3.380000000000001e56	0.045	0.235	0.185
7	58.4099776170891	0.127	0.14	0.054
8	6.405162031888692	0.138	0.091	0.14
9	3.380000000000001e56	0.238	0.094	0.34
10	6.2727818520394125	0.138	0.09	0.14
11	9.791575714125305	0.138	0.09	0.24
12	3.380000000000001e56	0.138	0.0	0.14
13	14.582362444600484	0.238	0.09	0.14
14	60.31639481351579	0.138	0.09	0.04
15	3.380000000000001e56	0.038	0.09	0.24
16	5.909997410693963	0.138	0.087	0.14
17	5.135091564174485	0.138	0.078	0.14
18	2.6532966584108224	0.09	0.078	0.211
19	3.380000000000001e56	0.0	0.078	0.411
20	13.508800899130572	0.09	0.078	0.111
21	3.380000000000001e56	0.0	0.178	0.311
22	3.380000000000001e56	0.19	0.0	0.111
23	36.53881126128662	0.09	0.178	0.111
24	3.380000000000001e56	0.0	0.078	0.424
25	1.3009320305806542	0.107	0.078	0.18
26	30.371233021504022	0.207	0.078	0.08
27	2.717703821967402	0.107	0.098	0.18
28	18.536566703096035	0.107	0.091	0.28
29	1.3442015393928797	0.107	0.081	0.18
30	3.380000000000001e56	0.007	0.088	0.18
31	9.40359450678267	0.107	0.128	0.18
32	19.344346303355266	0.107	0.095	0.28
33	1.4676554404922317	0.207	0.018	0.18
34	23.74910251830361	0.158	0.078	0.087
35	1.4886024003188079	0.09	0.087	0.189
36	1.4930473315345474	0.191	0.031	0.171
37	1.2464136675564297	0.115	0.073	0.185
38	3.380000000000001e56	0.012	0.137	0.183
39	1.2732868734212266	0.158	0.048	0.181
40	1.362710635714495	0.146	0.052	0.184
41	1.2406728728554417	0.117	0.074	0.181
42	1.2089738819232512	0.153	0.052	0.185
43	1.2681280381816995	0.176	0.039	0.187
44	1.4290538439034615	0.099	0.085	0.186
45	1.2212041789196293	0.143	0.057	0.182
46	1.2025417275113304	0.16	0.049	0.18
47	1.217408490787667	0.183	0.037	0.178
48	1.3506260298797947	0.187	0.031	0.184
49	1.1837487853756612	0.135	0.063	0.182

Resumo final
status = 0
f_final = 1.1837487853756612
RMSD = 0.05917951792088299
avaliacoes = 50
tempo_s = 464.269807
x_final = [0.135, 0.063, 0.182]
factivel = true
