Metodo = MADS
tbeg = 0.0 | tend = 5.0 | dim = 3
x0 = [0.09, 0.09, 0.09]
lower = [0.0, 0.0, 0.0]
upper = [0.5, 0.5, 0.5]
rmsd_tol = 0.09
rhobeg = 0.05
rhoend = 0.0001

iter	f	x1	x2	x3
0	2.100479089231111	0.09	0.09	0.09
1	3.380000000000001e56	0.0	0.19	0.19
2	3.380000000000001e56	0.19	0.0	0.0
3	3.781985124997883	0.19	0.19	0.09
4	3.380000000000001e56	0.0	0.0	0.09
5	3.380000000000001e56	0.0	0.313	0.247
6	3.380000000000001e56	0.045	0.235	0.185
7	4.067278264543645	0.127	0.14	0.054
8	0.5552124897251627	0.138	0.091	0.14
9	1.8377433492824244	0.238	0.094	0.34
10	0.0907450321741556	0.138	0.09	0.24
11	5.8622475310064805	0.138	0.09	0.5
12	4.430853900775669	0.238	0.09	0.44
13	0.5564031934168798	0.138	0.09	0.14
14	1.7125945169961525	0.138	0.0	0.14
15	0.3746562437374091	0.238	0.09	0.24
16	3.8230829549290615	0.138	0.0	0.44
17	5.811678508621803	0.138	0.087	0.5
18	1.1573199381223014	0.238	0.119	0.14
19	0.23660109688306746	0.205	0.091	0.24
20	1.8469213957165151	0.249	0.09	0.34
21	0.12375875476483884	0.166	0.091	0.24
22	0.5527855056969373	0.188	0.056	0.14
23	1.3170227666703156	0.166	0.07	0.34
24	0.919821178891723	0.104	0.04	0.24
25	0.09109477515232815	0.138	0.091	0.24
26	0.7265607881806236	0.205	0.094	0.136
27	1.548021221497594	0.107	0.125	0.34
28	0.04554155916366356	0.168	0.073	0.19
29	0.06167488523637722	0.13	0.078	0.207
30	0.10678460406046439	0.153	0.07	0.185
31	0.033896462257508926	0.142	0.086	0.226
32	0.17389707457598352	0.155	0.068	0.175
33	0.029587639876236676	0.142	0.085	0.224
34	0.02354888706228994	0.142	0.082	0.218
35	0.061699561788721394	0.142	0.073	0.218
36	0.02093158457539032	0.154	0.078	0.218
37	0.02947774129955498	0.19	0.078	0.218
38	0.015376422638237462	0.173	0.078	0.218
39	0.31632032785558356	0.273	0.078	0.218
40	0.07158392189715108	0.273	0.0	0.218
41	0.9725183291592385	0.173	0.078	0.318
42	3.380000000000001e56	0.073	0.178	0.218
43	0.1259960835982199	0.23	0.078	0.218
44	0.006404102528416874	0.273	0.024	0.206
45	0.883250580743834	0.5	0.0	0.206
46	0.3876786880214998	0.173	0.024	0.206
47	0.05200952538373848	0.273	0.0	0.206
48	0.28437449977616713	0.373	0.024	0.206
49	1.525033065214855	0.373	0.024	0.106
50	0.9913129235287763	0.5	0.0	0.17
51	0.01457063741960753	0.326	0.0	0.201
52	0.08185188075686266	0.361	0.0	0.199
53	0.011833003613324608	0.206	0.056	0.213
54	0.054815363176272926	0.223	0.056	0.229
55	0.051334000989261275	0.323	0.0	0.183
56	0.2885812789764174	0.263	0.043	0.156
57	0.010520418716293292	0.274	0.022	0.211
58	0.006933140623640411	0.255	0.032	0.207
59	0.017404906955786656	0.329	0.0	0.203
60	0.009720521179861144	0.237	0.041	0.211
61	0.006356691644008439	0.236	0.043	0.205
62	0.008311576352457153	0.217	0.053	0.202
63	0.007393941623510701	0.272	0.025	0.201
64	0.006136150611571864	0.264	0.029	0.204
65	0.006402382074551154	0.26	0.032	0.203
66	0.007453937606729176	0.234	0.045	0.202
67	0.006130765891727924	0.263	0.029	0.205
68	0.007596394238677985	0.26	0.029	0.208
69	0.005806125458475109	0.242	0.042	0.206
70	0.013494292258432202	0.179	0.081	0.209
71	0.01503573975999923	0.156	0.091	0.204
72	0.006784990052663649	0.277	0.024	0.205
73	0.0061660867883533005	0.246	0.038	0.205
74	0.006282750978252252	0.267	0.029	0.205
75	0.005986237354531426	0.251	0.036	0.205
76	0.006040065679826377	0.24	0.042	0.207
77	0.005726092040125257	0.226	0.051	0.207
78	0.00603210561543322	0.207	0.062	0.208
79	0.005846699198951514	0.239	0.044	0.205
80	0.00583974445664696	0.22	0.055	0.207
81	0.007001364642636974	0.226	0.051	0.21
82	0.017053509336449033	0.326	0.0	0.208
83	0.0059610146442354425	0.226	0.051	0.208
84	0.005683059438274475	0.226	0.051	0.206
85	0.006718502318975748	0.226	0.051	0.203
86	0.014482218419400195	0.326	0.0	0.204
87	0.220828931440612	0.226	0.051	0.256
88	0.5108857005377122	0.126	0.151	0.211
89	1.4650447949899787	0.126	0.0	0.208
90	0.006177927796496528	0.226	0.051	0.204
91	0.021813963422973873	0.307	0.013	0.212
92	0.005834396862691288	0.243	0.041	0.206
93	0.005759484072740287	0.237	0.045	0.206
94	0.0627546369724466	0.276	0.047	0.204
95	0.07151054160307765	0.23	0.032	0.226
96	0.3628737315345305	0.232	0.101	0.213
97	0.005659279081653508	0.225	0.051	0.206
98	0.005980370565320301	0.222	0.051	0.206
99	0.02566123864147247	0.323	0.006	0.21
100	0.005598077045893559	0.214	0.057	0.207
101	0.005611979742650174	0.203	0.063	0.207
102	0.006627569625498824	0.214	0.057	0.21
103	0.006094281188005181	0.214	0.057	0.209
104	0.005637724302667248	0.214	0.057	0.206
105	0.009379991725533441	0.314	0.0	0.198
106	0.04355792164700726	0.214	0.057	0.227
107	0.5569404323490509	0.114	0.157	0.216
108	0.006746988400043829	0.181	0.075	0.21
109	0.04729262419913525	0.314	0.012	0.22
110	0.005638922429619131	0.195	0.067	0.207
111	0.08729641204433197	0.251	0.007	0.208
112	0.208144639860844	0.187	0.032	0.197
113	0.45919499907338523	0.164	0.025	0.216
114	0.00799967797713243	0.216	0.06	0.208
115	0.005674420042049136	0.218	0.054	0.20668
116	0.005675966371537969	0.226	0.051	0.20633
117	0.005617105476811625	0.203	0.063	0.20683
118	0.011665797224862903	0.221	0.048	0.212
119	0.03938936806838158	0.205	0.077	0.20993
120	0.06261257880218815	0.194	0.046	0.20751
121	0.005594156360397418	0.214	0.057	0.20692
122	0.00656947831366648	0.251	0.039	0.20692
123	0.005715570606866034	0.226	0.051	0.20692
124	0.005613697384093562	0.203	0.063	0.20692
125	0.02232848308625204	0.212	0.065	0.21692
126	0.027764084034121513	0.227	0.037	0.21192
127	0.06544639788679957	0.234	0.069	0.20592
128	0.005589783792298583	0.214	0.057	0.20668
129	0.00569123016482302	0.214	0.057	0.20568
130	0.006464249102380698	0.194	0.068	0.20468
131	0.005691381511614863	0.226	0.051	0.20668
132	0.0056262604578534055	0.203	0.063	0.20668
133	0.01690087258825174	0.22	0.05	0.21668
134	0.01871836635825245	0.224	0.062	0.20468
135	0.02155170420720244	0.211	0.067	0.21468

Resumo final
status = 1
f_final = 0.005589783792298583
RMSD = 0.01466259473351072
avaliacoes = 136
tempo_s = 254.023814
x_final = [0.214, 0.057, 0.20668]
rhobeg = 0.05
rhoend = 0.0001
factivel = true
