Metodo = MADS
tbeg = 0.0 | tend = 15.0 | dim = 2
x0 = [0.09, 0.09]
lower = [0.0, 0.0]
upper = [0.5, 0.5]
rmsd_tol = 0.09
rhobeg = 0.05
rhoend = 0.0001

iter	f	x1	x2
0	14.560703520707738	0.09	0.09
1	3.380000000000001e56	0.0	0.19
2	3.380000000000001e56	0.19	0.0
3	3.380000000000001e56	0.0	0.28
4	3.380000000000001e56	0.0	0.21
5	5.719513312803416	0.089	0.14
6	3.380000000000001e56	0.086	0.34
7	42.543181342682004	0.179	0.04
8	37.89392815737045	0.134	0.04
9	3.380000000000001e56	0.045	0.24
10	37.71351681520972	0.112	0.04
11	3.380000000000001e56	0.067	0.24
12	38.30711669052139	0.101	0.04
13	3.380000000000001e56	0.039	0.14
14	37.783857774193045	0.11	0.04
15	5.61702361435349	0.088	0.14
16	22.42634344997556	0.088	0.24
17	54.05624109397508	0.188	0.24
18	44.019044054758176	0.188	0.04
19	5.325823557158136	0.085	0.14
20	3.380000000000001e56	0.076	0.14
21	9.35571654365016	0.112	0.156
22	3.380000000000001e56	0.061	0.124
23	6.866367425233046	0.099	0.148
24	3.380000000000001e56	0.074	0.132
25	6.0642762460360204	0.093	0.144
26	3.380000000000001e56	0.08	0.136
27	5.757764493200241	0.09	0.142
28	3.380000000000001e56	0.083	0.138
29	5.577196036100326	0.088	0.141
30	5.2799221520202595	0.085	0.141
31	5.143269166367372	0.084	0.142
32	3.380000000000001e56	0.081	0.141
33	5.3762932151409855	0.086	0.141
34	3.380000000000001e56	0.083	0.141
35	3.380000000000001e56	0.081	0.145
36	4.977664803873315	0.084	0.149
37	3.380000000000001e56	0.083	0.149
38	5.087437024128467	0.085	0.149
39	3.380000000000001e56	0.034	0.149
40	3.380000000000001e56	0.062	0.249
41	5.836566694724575	0.084	0.17
42	4.97308290860807	0.084	0.15
43	4.98740416765794	0.084	0.153
44	3.380000000000001e56	0.083	0.15
45	3.380000000000001e56	0.064	0.158
46	10.883828180691493	0.087	0.2
47	5.234282497300282	0.084	0.14
48	4.973194949506483	0.084	0.151
49	3.380000000000001e56	0.083	0.152
50	5.084827775763902	0.085	0.15
51	3.380000000000001e56	0.083	0.151
52	3.380000000000001e56	0.074	0.163
53	3.380000000000001e56	0.078	0.13
54	5.028632267597019	0.0845	0.15
55	3.380000000000001e56	0.0835	0.151
56	5.000776603351856	0.08425	0.15
57	3.380000000000001e56	0.08375	0.151
58	4.987463389293205	0.08413	0.15
59	4.958601802207497	0.08387	0.151
60	3.380000000000001e56	0.08374	0.152
61	4.958746342417238	0.08387	0.15
62	3.380000000000001e56	0.08374	0.151
63	4.966460571343274	0.08394	0.15
64	4.986099079056933	0.08387	0.154
65	3.380000000000001e56	0.07387	0.153
66	3.380000000000001e56	0.08187	0.141

Resumo final
status = 1
f_final = 4.958601802207497
RMSD = 0.18429060215463264
avaliacoes = 67
tempo_s = 193.900846
x_final = [0.08387, 0.151]
rhobeg = 0.05
rhoend = 0.0001
factivel = true
