Metodo = SPG
tbeg = 0.0 | tend = 15.0 | dim = 3
x0 = [0.09, 0.09, 0.09]
lower = [0.0, 0.0, 0.0]
upper = [0.5, 0.5, 0.5]
rmsd_tol = 0.09
grad_tol = 0.001

iter	f	x1	x2	x3
0	14.55905350335501	0.0900001131113528	0.08999988166755352	0.09000495594501465
1	2.625994600001028	0.09137252318265773	0.08856384525792559	0.15013641266298433
2	1.2494718942123968	0.09077472322227324	0.08187445592748693	0.17173366386642452
3	1.030511963941282	0.09215793169264744	0.07937761481394778	0.18346110301792343
4	1.0171130642852924	0.09366586990303175	0.0769033156752253	0.1847957035571665
5	1.0122707712900965	0.09696448959861288	0.07856285510090344	0.18551738006882
6	1.001942143261317	0.0973281136201511	0.07491927101973986	0.18461914746879457
7	0.9901280036574002	0.09887757594746076	0.07634019816934043	0.18508171011335664
8	0.9849055029075509	0.0997120549992377	0.07562132115754887	0.18496102512869428
9	0.9595177679822098	0.10514046649944418	0.07431860272248844	0.18501786716839086
10	3.07252544595889	0.14281416542800873	0.028736918386707277	0.17634112053540046
11	0.8104121964618042	0.15885257791909174	0.05955469739481383	0.1843128417401924
12	0.7360327507913915	0.1576183750488256	0.054615018219968677	0.1834961086865625
13	0.7329643028730829	0.15813578187975394	0.053947507889611473	0.18367315803185397
14	0.7229305868451029	0.16087234672061976	0.05273673998527583	0.1842427134641076
15	0.6722548635882472	0.18797495538151612	0.04129553329977542	0.1776016607823757
16	1.445786557681383	0.1966392879230887	0.04414248070162362	0.207916990275162
17	0.7972336371768427	0.19124415103822204	0.029326160316141592	0.18397699792859615
18	0.6250293799853996	0.19718776162344417	0.03987881258827918	0.1847466896190425
19	0.6074018286133495	0.19671451402685405	0.03728787185566494	0.18360671289959335
20	0.6055005905831115	0.19736195066969234	0.037094117496981785	0.18337452627740813
21	0.5827159528691457	0.20645041927767968	0.0333233870809867	0.1817340053889462
22	0.9765087153353301	0.22083772550142994	0.020458040351974766	0.20232497225526527
23	0.7563766679956443	0.2254524795875773	0.027704519284601988	0.1691666191801835
24	0.5359127750025527	0.22486606154249295	0.02364945887028642	0.18356936411562064
25	0.5327251061921922	0.2258691627672614	0.023726132629075226	0.18259890999258824
26	0.5297367500619982	0.22709494001764305	0.022869842215000474	0.18242164067831926
27	0.5310582347905859	0.24432869395113865	0.01899606133285098	0.18367328196557361
28	0.5173188643766606	0.24158163705249183	0.01161593698836119	0.18103666320488776
29	0.4947600883806445	0.2437958159470989	0.01449160768363719	0.18198299370119042
30	0.4937948929616203	0.2442754998194562	0.014203067479702887	0.1820037981247506
31	0.5993004260071115	0.29275916734870494	0.0	0.18172563294399832
32	0.4661020200819073	0.27655304346881265	0.0	0.17804619529723778
33	0.4534237391365998	0.27450180364929666	0.0	0.1823581414562173
34	0.4495229497365989	0.27336077049758767	0.0	0.1807336799339266
35	0.44879564088059337	0.272707024522007	0.0	0.18115859226893458
36	0.44836851597972194	0.272005303518605	0.0	0.18091631996141277
37	0.4483121765806749	0.2716382130356654	0.0	0.18123014910119206
38	0.44827479264096753	0.2715315453942369	0.0	0.18100890437492795
39	0.4482738037676788	0.27151778561828194	0.0	0.18101503489829834
40	0.4484246384423708	0.2714191557608738	0.0	0.18146740811272918
41	0.44827477963004114	0.2714252692425435	0.0	0.18100666345766284
42	0.4482750411076739	0.2714514914295335	0.0	0.1810303916120157
43	0.44827669754400423	0.2714713414551785	0.0	0.18101714188659904
44	0.4482728848950191	0.2714921005367814	0.0	0.18102559157517992
45	0.44827468519917835	0.2715062625616268	0.0	0.18102685028858514
46	0.448277363235507	0.27150787804046417	0.0	0.18100661770673043
47	0.44827492760761417	0.2715088685672503	0.0	0.18102044861977568
48	0.4483110747131883	0.2715109811758314	0.0	0.18126530970285942
49	0.44827063545726176	0.27148998021213216	0.0	0.18105338636651203
50	0.4482821640257058	0.2715014097149004	0.0	0.18095022300378993
51	0.448276565092303	0.2715062680947363	0.0	0.1810238828477445
52	0.4482767366610162	0.2715068192402977	0.0	0.18101969366188594
53	0.4482727104218595	0.27150704739506065	0.0	0.18102237948707334
54	0.44830529403174335	0.2715154794131328	0.0	0.18124400158340978
55	0.4482781039324676	0.2714944850645866	0.0	0.18105148409399385
56	0.44827656494546014	0.2715016019897278	0.0	0.18098258515366175
57	0.4482762637219773	0.2715054675348339	0.0	0.1810259549902772
58	0.44827702832461014	0.271506281135008	0.0	0.18102634865093825
59	0.4482697406533985	0.2715064075654661	0.0	0.1810244950577318
60	0.44827543251626184	0.271506688271048	0.0	0.18102260970930392
61	0.44827009313186966	0.271507221076911	0.0	0.1810210105694275
62	0.44829863370961825	0.27153805316409757	0.0	0.18088775115259312
63	0.4482790054714959	0.2715369328810769	0.0	0.18102620772642145
64	0.4482719245305728	0.271531140256494	0.0	0.1810282909799638
65	0.4482763821577517	0.271525659002925	0.0	0.18101594995969608
66	0.4482733472001947	0.2715222010895134	0.0	0.18101846853051426
67	0.4482748750046277	0.27151851459908644	0.0	0.1810157033889883
68	0.44827472258183	0.27151767875787713	0.0	0.18102185869445966
69	0.44827325010036256	0.27151669832464126	0.0	0.18102257114444453
70	0.4482864591229596	0.2714842546125943	0.0	0.18114640929306386
71	0.44827511430983746	0.271486698063074	0.0	0.18102803666812112
72	0.4482734928544408	0.27149548458157063	0.0	0.18103099613193413
73	0.44827865494977337	0.2715005571149456	0.0	0.18101673819643901
74	0.44827266770773233	0.2715027805687476	0.0	0.1810245045317287
75	0.44827596157965344	0.2715036726404144	0.0	0.18102133228265785
76	0.4482698782563345	0.2715039541402378	0.0	0.18102371966638833
77	0.44827403538448274	0.2715041319018643	0.0	0.18102309636305458
78	0.4482758053265597	0.27150429859825737	0.0	0.18102318649494117
79	0.448276266426681	0.27150518230702025	0.0	0.18102334976787798
80	0.4482773816982987	0.2715351215024712	0.0	0.18108274208623765
81	0.44827325785005595	0.2715226791268702	0.0	0.18101763136013913
82	0.44827234104240266	0.27151844786105134	0.0	0.18102292911042406
83	0.44827385334327735	0.2715161471803206	0.0	0.18101875298718564
84	0.4482721054790868	0.2715148710885583	0.0	0.18102051793551063
85	0.44827366341200525	0.2715146774490585	0.0	0.1810201801676878
86	0.448275317817464	0.2715031380829272	0.0	0.1809659048424984
87	0.448276024580137	0.27150617813179034	0.0	0.18101660073644352
88	0.4482735468241923	0.2715063987497842	0.0	0.1810190751303883
89	0.4482749867787323	0.27150669881859135	0.0	0.18102071779850865
90	0.44827088997022096	0.27150693227829725	0.0	0.18102062055884585
91	0.44827282991881723	0.27150698130595896	0.0	0.1810212501089353

Resumo final
status = 2
f_final = 0.44827282991881723
RMSD = 0.05541084594877633
avaliacoes = 201
tempo_s = 2190.941251
x_final = [0.27150698130595896, 0.0, 0.1810212501089353]
iteracoes = 93
grad_tol = 0.001
criterio_parada = Numero maximo de avaliacoes da funcao (nfevalmax) atingido
gnorm = 0.0032210679139368925
