Metodo = SPG
tbeg = 0.0 | tend = 31.0 | dim = 101
x0 = [0.09, 0.09, 0.09, 0.09, 0.09, 0.09, 0.09, 0.09, 0.09, 0.09, 0.09, 0.09, 0.09, 0.09, 0.09, 0.09, 0.09, 0.09, 0.09, 0.09, 0.09, 0.09, 0.09, 0.09, 0.09, 0.09, 0.09, 0.09, 0.09, 0.09, 0.09, 0.09, 0.09, 0.09, 0.09, 0.09, 0.09, 0.09, 0.09, 0.09, 0.09, 0.09, 0.09, 0.09, 0.09, 0.09, 0.09, 0.09, 0.09, 0.09, 0.09, 0.09, 0.09, 0.09, 0.09, 0.09, 0.09, 0.09, 0.09, 0.09, 0.09, 0.09, 0.09, 0.09, 0.09, 0.09, 0.09, 0.09, 0.09, 0.09, 0.09, 0.09, 0.09, 0.09, 0.09, 0.09, 0.09, 0.09, 0.09, 0.09, 0.09, 0.09, 0.09, 0.09, 0.09, 0.09, 0.09, 0.09, 0.09, 0.09, 0.09, 0.09, 0.09, 0.09, 0.09, 0.09, 0.09, 0.09, 0.09, 0.09, 0.09]
lower = [0.0, 0.0, 0.0, 0.0, 0.0, 0.0, 0.0, 0.0, 0.0, 0.0, 0.0, 0.0, 0.0, 0.0, 0.0, 0.0, 0.0, 0.0, 0.0, 0.0, 0.0, 0.0, 0.0, 0.0, 0.0, 0.0, 0.0, 0.0, 0.0, 0.0, 0.0, 0.0, 0.0, 0.0, 0.0, 0.0, 0.0, 0.0, 0.0, 0.0, 0.0, 0.0, 0.0, 0.0, 0.0, 0.0, 0.0, 0.0, 0.0, 0.0, 0.0, 0.0, 0.0, 0.0, 0.0, 0.0, 0.0, 0.0, 0.0, 0.0, 0.0, 0.0, 0.0, 0.0, 0.0, 0.0, 0.0, 0.0, 0.0, 0.0, 0.0, 0.0, 0.0, 0.0, 0.0, 0.0, 0.0, 0.0, 0.0, 0.0, 0.0, 0.0, 0.0, 0.0, 0.0, 0.0, 0.0, 0.0, 0.0, 0.0, 0.0, 0.0, 0.0, 0.0, 0.0, 0.0, 0.0, 0.0, 0.0, 0.0, 0.0]
upper = [0.5, 0.5, 0.5, 0.5, 0.5, 0.5, 0.5, 0.5, 0.5, 0.5, 0.5, 0.5, 0.5, 0.5, 0.5, 0.5, 0.5, 0.5, 0.5, 0.5, 0.5, 0.5, 0.5, 0.5, 0.5, 0.5, 0.5, 0.5, 0.5, 0.5, 0.5, 0.5, 0.5, 0.5, 0.5, 0.5, 0.5, 0.5, 0.5, 0.5, 0.5, 0.5, 0.5, 0.5, 0.5, 0.5, 0.5, 0.5, 0.5, 0.5, 0.5, 0.5, 0.5, 0.5, 0.5, 0.5, 0.5, 0.5, 0.5, 0.5, 0.5, 0.5, 0.5, 0.5, 0.5, 0.5, 0.5, 0.5, 0.5, 0.5, 0.5, 0.5, 0.5, 0.5, 0.5, 0.5, 0.5, 0.5, 0.5, 0.5, 0.5, 0.5, 0.5, 0.5, 0.5, 0.5, 0.5, 0.5, 0.5, 0.5, 0.5, 0.5, 0.5, 0.5, 0.5, 0.5, 0.5, 0.5, 0.5, 0.5, 0.5]
rmsd_tol = 0.09
grad_tol = 0.001

iter	f	x1	x2	x3	x4	x5	x6	x7	x8	x9	x10	x11	x12	x13	x14	x15	x16	x17	x18	x19	x20	x21	x22	x23	x24	x25	x26	x27	x28	x29	x30	x31	x32	x33	x34	x35	x36	x37	x38	x39	x40	x41	x42	x43	x44	x45	x46	x47	x48	x49	x50	x51	x52	x53	x54	x55	x56	x57	x58	x59	x60	x61	x62	x63	x64	x65	x66	x67	x68	x69	x70	x71	x72	x73	x74	x75	x76	x77	x78	x79	x80	x81	x82	x83	x84	x85	x86	x87	x88	x89	x90	x91	x92	x93	x94	x95	x96	x97	x98	x99	x100	x101
0	21.979863832440536	0.09	0.09000025869632246	0.08999982762831339	0.09000007792482673	0.08999992719057735	0.09000005565562975	0.0899999468232463	0.09000003814460256	0.08999996045419857	0.09000001624829793	0.08999997354710322	0.09000003098740735	0.0899999905346539	0.09000000628574699	0.08999997025788363	0.09000000056981429	0.08999998849136528	0.08999999538805613	0.08999999284885696	0.09000000478460503	0.090000004102205	0.08999999642430899	0.09000000148198965	0.08999996777957675	0.09000006961399834	0.09000006961648269	0.09000001314272107	0.09000001860869304	0.0900000263664452	0.09000006266813919	0.09000003355131421	0.09000001697451962	0.09000000351428498	0.0900000175665323	0.090000023491087	0.09000002879526606	0.09000002845196509	0.09000002014355678	0.0900000060638801	0.09000000883618033	0.09000001135645005	0.09000001309332747	0.09000002261287354	0.09000004053710679	0.09000001941021042	0.09000000124663547	0.08999999998982557	0.0900000044656889	0.09000000388172145	0.09000000409185467	0.090000009721828	0.09000000487073734	0.09000000760982416	0.09000000142987327	0.0900000072581679	0.08999999849774411	0.08999998664920496	0.08999998996071855	0.09000001271582267	0.09000003075804873	0.09000000175178531	0.08999999435303341	0.09000000195926633	0.09000001299890764	0.09000001544371623	0.09000001011008002	0.08999998860896702	0.09000000746412234	0.09000000211925181	0.09000001830906183	0.08999998205182791	0.0899999594180531	0.08999997213533606	0.09000001517264979	0.09000003768397326	0.0900000065962601	0.0900000074364629	0.08999999210202586	0.09000000468892924	0.09000000316248426	0.0900000086490459	0.09000000158313577	0.09000000165264263	0.08999998611961936	0.09000000797188706	0.09000000578556995	0.09000002455283747	0.08999999404971849	0.08999999454366987	0.08999996992193507	0.09000002409651352	0.0899999243849526	0.09000016873231177	0.08999965695068665	0.0900008818821259	0.0899977615604391	0.09000562514727631	0.08998858463988842	0.09001865558310823	0.0899644227891213	0.09003169782107426
1	6.959669420744507	0.09	0.0900261080017455	0.08998260396811883	0.09000786420864057	0.08999265214644271	0.09000561667072296	0.08999463339784818	0.09000384954144244	0.08999600902276637	0.09000163970910643	0.089997330425726	0.09000312725474344	0.08999904480442779	0.0900006343575935	0.08999699839658168	0.09000005742978326	0.08999883857133206	0.08999953445977474	0.08999927837723437	0.09000048273703289	0.09000041417136359	0.08999963879033789	0.09000015032745091	0.08999674602192356	0.0900070311745101	0.0900070305181618	0.09000132737243215	0.09000187938913988	0.09000266294769223	0.09000632877845524	0.09000338795975363	0.09000171468457488	0.09000035600813354	0.0900017744950604	0.09000237221440299	0.09000290775980752	0.09000287307545708	0.09000203479172074	0.0900006133073073	0.09000089265289832	0.09000114690455119	0.09000132240941952	0.09000228338733661	0.09000409208116482	0.09000195966545009	0.09000012654674718	0.08999999961877744	0.09000045130353507	0.09000039238551359	0.09000041341043269	0.09000098128105964	0.09000049167031789	0.09000076806753103	0.09000014439225061	0.09000073253773465	0.08999984846746104	0.08999865280204573	0.0899989870603497	0.09000128336220271	0.09000310400981648	0.09000017683222893	0.08999943021043319	0.09000019785121295	0.09000131193846903	0.0900015587496267	0.09000102046597913	0.08999885057800099	0.09000075319543949	0.09000021386770024	0.09000184761962948	0.08999818884545877	0.08999590464810449	0.08999718818540353	0.09000153071888213	0.09000380292071215	0.0900006651948682	0.09000075095694914	0.08999920214263998	0.09000047423738125	0.09000031754573169	0.09000087446253353	0.09000015754418465	0.09000016953324665	0.08999859448809198	0.09000081333286701	0.09000057099350026	0.09000249372661588	0.08999937449631233	0.08999949454250585	0.08999689140151265	0.09000256513997562	0.0899921115486912	0.09001748654955977	0.08996437356077751	0.09009142779712882	0.08976845335790229	0.09058033401143507	0.08882607444218411	0.09191313304367438	0.08636371694934403	0.09322600162059405
2	13.002341064737907	0.09	0.09002499146582033	0.08998461620929589	0.09000597416550017	0.08999466129491904	0.09000380928270996	0.08999587902481779	0.09000270503209762	0.08999687451880616	0.090000910974975	0.08999806778332202	0.0900021830491935	0.08999926996165886	0.09000013724518993	0.08999734640436177	0.08999985993375988	0.08999913852140165	0.08999948277776941	0.08999955638567979	0.09000020385896415	0.09000049506475491	0.08999938355080347	0.09000073308404816	0.08999547735743854	0.09001024234149535	0.09000945364282403	0.09000187113744694	0.09000259577947989	0.0900037612109469	0.09000852000454909	0.09000432912408751	0.09000258628519722	0.09000127973469296	0.09000272301445712	0.09000306809062168	0.09000369737634716	0.09000365422159053	0.09000305196135591	0.0900014808284816	0.09000141818283079	0.0900015605521435	0.09000185655481936	0.09000287745116575	0.09000419478821559	0.09000221123328771	0.09000056834893451	0.09000042901784895	0.09000081802531089	0.09000077374853029	0.09000069814772443	0.09000090085766177	0.09000049307547514	0.0900006741042261	0.09000019122319664	0.09000061887536806	0.08999993305761825	0.08999903613963339	0.08999935563790436	0.09000110121683343	0.09000241515892657	0.09000016330940182	0.08999961317472553	0.09000022401871915	0.0900011855621678	0.09000140438575	0.09000099708405995	0.08999888931742922	0.0900006919283006	0.09000001829156896	0.09000177296891013	0.08999783743524403	0.08999685182101891	0.08999642893244607	0.09000432233431604	0.09000020317350993	0.09000437332895639	0.08999578523748668	0.09000562440362975	0.0899921137126234	0.09001006651073348	0.0899898585547526	0.09001229960462884	0.08998525228715847	0.0900229643464481	0.0899601607184933	0.09004942837361934	0.08994866257134031	0.09006592401461543	0.08989845782252147	0.09014372740510043	0.08976817988747754	0.09036702975544673	0.08952741727614506	0.0906552492839825	0.0891254854668714	0.09102363446250747	0.08900332470472382	0.09047317057096024	0.09015827970653993	0.0881985562458681	0.09225968177089662
3	4.43139996839565	0.09	0.09003127942713801	0.08998043157464662	0.09000785951964588	0.08999290292479045	0.0900051512632428	0.08999459260574641	0.09000362631432876	0.08999591733587567	0.09000130098320248	0.08999742950435521	0.09000293170392534	0.08999904201480982	0.09000028763192945	0.08999662480673688	0.08999987125736758	0.08999886081266842	0.08999936830185722	0.08999938549140216	0.09000031611389628	0.09000059899904525	0.08999928785373645	0.09000078854563659	0.08999463880844467	0.09001207285849028	0.09001126115598708	0.09000221500178035	0.09000308184552969	0.09000445147640065	0.09001014651560725	0.0900051913177798	0.09000303800084691	0.09000139882351119	0.09000319103252694	0.09000367476646182	0.09000443876040318	0.09000438629035414	0.0900035876783186	0.0900016615436319	0.09000165528244283	0.0900018563069335	0.09000219991307426	0.09000345809832552	0.09000520372660965	0.09000270122032127	0.09000061686844323	0.09000044499864764	0.09000094205836097	0.09000088404511598	0.09000080913068986	0.09000114019921678	0.09000061406036326	0.09000086048388531	0.09000022822199895	0.09000079569535374	0.08999989867135146	0.08999871731625483	0.08999911860839198	0.0900014113403344	0.09000315714512848	0.09000020685679472	0.08999947916634107	0.09000027471188454	0.09000150251272414	0.09000178303720294	0.09000124533476478	0.08999861736949473	0.09000087045729768	0.09000006970251359	0.09000221328534494	0.08999740557505241	0.0899958709856957	0.08999576136330568	0.09000467993326336	0.09000111479829133	0.09000452182609928	0.08999597727445452	0.09000541357004124	0.08999225265253699	0.09001010438580653	0.08999010713048905	0.09001228457084634	0.08998535815687753	0.09002251558629884	0.08996056390409811	0.09004926540024821	0.08994962883810231	0.09006520669047016	0.08989934503731396	0.0901413628598282	0.089771720655971	0.09035957501620473	0.0895412359752206	0.09062646512383402	0.08919272954599057	0.090872725746106	0.08932803218881578	0.08992346016156035	0.0909372627939983	0.08695390501429939	0.09319135886273157
4	22.20944830905469	0.09	0.09004790011479176	0.0899698239738856	0.09001227620175759	0.08998889027289561	0.0900081128493419	0.08999157007621833	0.0900057014416375	0.08999364556276412	0.09000208408623138	0.08999598180511768	0.09000461392461764	0.08999851604593685	0.09000051821011708	0.08999479790949019	0.08999982406582571	0.0899982206579574	0.08999903137994594	0.08999903051529795	0.09000050883273975	0.09000091964174634	0.08999891970857592	0.09000117888174224	0.08999182671252068	0.09001838105810873	0.0900171952238183	0.09000337979559393	0.09000470767581945	0.09000678903537694	0.09001548796905001	0.09000793386704584	0.09000463321553889	0.09000210475051286	0.09000486418306708	0.09000562451706678	0.09000679493890154	0.090006711504093	0.09000547431295933	0.09000251601851593	0.09000252505038328	0.0900028407538661	0.09000336563102285	0.0900052945542522	0.09000800658797753	0.09000414692325615	0.090000938071192	0.09000067162946722	0.09000143672383948	0.09000134907706031	0.09000123335089967	0.09000176448182848	0.09000094751413035	0.09000133326698505	0.09000035060734049	0.09000123304244566	0.08999984193674086	0.08999801093407793	0.08999862996204631	0.09000218042683979	0.09000488133453366	0.09000032495199893	0.08999918852246055	0.09000043818042149	0.0900022840293497	0.09000277886213447	0.09000185301082542	0.08999798486002318	0.09000126149452033	0.09000020575333349	0.0900032563228443	0.0899962908704612	0.08999335374984575	0.08999421597215818	0.09000558162880948	0.09000336910370943	0.09000485976067064	0.08999651633119278	0.09000478966149712	0.08999271895228018	0.09000997912958472	0.08999090620821751	0.09001194607069486	0.08998596745844449	0.09002082205273777	0.08996263650479912	0.09004723719911291	0.08995395725837538	0.09006025115194462	0.08990715904638617	0.09012679911741844	0.08979548694563427	0.09031475258452261	0.08961765076697113	0.09047204901329059	0.0895200734402335	0.09023474258064952	0.09047981566814241	0.08829409288644026	0.0929621351839344	0.08412035323260267	0.09509440279368422
5	2.135293383943675	0.09	0.09003997453903333	0.08997588901895198	0.090008916437122	0.0899921886051322	0.09000542402744477	0.08999383448799105	0.09000392260072752	0.08999528941255089	0.09000117439095409	0.0899971821739718	0.0900031658788184	0.08999892116579584	0.0900000316106194	0.08999584963471231	0.08999967702345518	0.08999873521774722	0.08999911526069318	0.08999941588515771	0.09000018340358515	0.09000089524146733	0.08999877972322554	0.09000170533073014	0.0899913280131002	0.09002002821753738	0.09001808220542072	0.09000362028620855	0.09000500707746487	0.09000729253392675	0.09001628447223375	0.09000811519507185	0.09000513948046814	0.090002943702422	0.09000540819523754	0.09000579759843018	0.09000694650305618	0.09000686176920955	0.09000605661593923	0.09000323868361457	0.09000283317986495	0.09000298534697504	0.09000359182589686	0.09000537456676655	0.09000724545691721	0.0900039733475312	0.09000136479711844	0.09000109557093834	0.09000169803509628	0.09000163051196595	0.09000141050217952	0.09000148504810879	0.0900008440423636	0.0900010871816662	0.0900003606861027	0.09000097663114565	0.08999994937953337	0.08999861514700633	0.08999917871008241	0.09000173320880624	0.09000371661880413	0.09000024918479718	0.08999950976182394	0.09000033071560753	0.09000208291345327	0.09000211623114635	0.09000197009549349	0.08999790840560633	0.09000136872716177	0.08999963927721769	0.09000325914755283	0.08999575671668454	0.08999620464794743	0.089992161629981	0.09001142154107981	0.08999567093259352	0.09001207973223382	0.08998706748093575	0.09001662853718771	0.08997791418593588	0.09002676049892329	0.08997250420242316	0.09003177216716701	0.0899622417343	0.09005868988629817	0.08990207145114756	0.09011688038965042	0.08988004632609467	0.09014827435654801	0.089776789666765	0.09031077482222502	0.08951169043287664	0.09074882688338627	0.08908251096727227	0.09119992731717903	0.0885477032963832	0.09147045551538084	0.0889683114449992	0.08984168743754532	0.09131513168034015	0.08578152703720214	0.09416229371733953
6	1.9757760643142002	0.09	0.09004236775802327	0.08997446565792713	0.09000942356436847	0.08999175255663869	0.09000571950349492	0.08999348395671455	0.09000413995474989	0.08999502014256615	0.09000123198809291	0.0899970261034607	0.09000334076744107	0.08999886149182348	0.09000002507965706	0.0899956065352907	0.08999965211390089	0.08999866572281079	0.08999905794667176	0.08999938876885748	0.09000018479003095	0.09000095768274179	0.08999868884724128	0.09000184726365847	0.08999070337844736	0.0900214888216405	0.0900193847176126	0.09000388466226704	0.09000537343208591	0.090007823779503	0.09001745485626463	0.09000868890925272	0.09000552332178251	0.09000318775077389	0.09000581451453524	0.09000621470556726	0.09000744323197025	0.09000735002750729	0.0900065096559862	0.0900035007286958	0.09000305024334374	0.09000320556053705	0.0900038600026892	0.09000575822866615	0.09000772017291915	0.09000424551187369	0.09000148503466016	0.09000119680448514	0.09000183300775204	0.09000176355861587	0.09000152067096862	0.0900015801363438	0.09000090032369937	0.09000115470092017	0.0900003878444332	0.09000103486320565	0.08999995237384663	0.08999855186924412	0.08999915006370067	0.0900018393638557	0.09000391036648489	0.09000026930704057	0.08999948763425014	0.09000036704147715	0.09000218890676147	0.09000226490804195	0.09000205591395857	0.08999784238432325	0.09000140726691978	0.08999965697213515	0.09000338138774773	0.08999560377974748	0.08999587656798551	0.08999198128421437	0.09001157281906164	0.08999591723423597	0.09001216515499769	0.08998707974197241	0.09001661930087605	0.08997786906927357	0.0900268556315657	0.08997245813900513	0.09003187984506757	0.08996211681174923	0.09005881403705919	0.08990173118605874	0.09011736873758923	0.08987969858995704	0.09014878221177439	0.08977597453781214	0.09031171711665069	0.08950993141209175	0.09075166978661071	0.0890795777904882	0.09120056515120013	0.08855640183380618	0.09144178163487407	0.08903219015021811	0.0897450034402775	0.0914345799035424	0.08560545530688543	0.09428769949129603
7	1.9460324542675778	0.09	0.09004508478343051	0.0899729249726178	0.09000990613004287	0.08999136009425193	0.09000596022988958	0.08999314727399517	0.0900043278283966	0.0899947562954043	0.09000125748263006	0.08999688685388725	0.09000349066249386	0.08999880530673003	0.08999998913643595	0.08999534468683375	0.08999961100517061	0.08999860292074241	0.08999898690902872	0.0899993747983631	0.09000016805595466	0.09000103906087256	0.0899985607362672	0.09000206449293041	0.08998985163010631	0.09002350519741437	0.09002115216300667	0.09000424723591341	0.09000587436678768	0.09000855272227021	0.09001904249359657	0.09000945549235846	0.09000605847570077	0.09000355748100713	0.09000638247160876	0.09000677558804024	0.09000810793112801	0.09000800280125006	0.09000714080613041	0.0900038883341784	0.0900033557305521	0.09000350576775443	0.09000422862872295	0.09000627000838492	0.09000830279179084	0.09000459497035311	0.09000166908598886	0.09000135599389136	0.09000202715882318	0.09000195699898318	0.09000167726258447	0.0900016903971587	0.09000096907586702	0.09000123016545107	0.09000042468029912	0.09000109717465943	0.0899999630350259	0.08999850594570784	0.0899991451106208	0.09000195558814779	0.09000409201503831	0.09000029385080612	0.08999947544812566	0.09000041618373811	0.09000230397217483	0.0900024363273342	0.09000215133996219	0.08999778257552266	0.09000143939914318	0.08999967482932716	0.09000350286103155	0.08999543116572922	0.08999552850257621	0.08999179629303201	0.0900117780904818	0.08999612543390917	0.09001231286987042	0.08998701486265948	0.09001670942977855	0.08997767957834026	0.09002711689798172	0.08997221082018479	0.0900322076238654	0.08996170694729332	0.09005940885335868	0.08990055692958812	0.0901189017474092	0.08987813466148437	0.09015086114987184	0.08977266587915876	0.0903164222866235	0.08950185920874779	0.09076541072923451	0.0890611781885007	0.09122510655199881	0.0885292306875825	0.09146401158261588	0.08902797785158705	0.08972482126235867	0.09146732809195086	0.08552465455887669	0.09435989900588465
8	1.8958497238040977	0.09	0.09005090394706419	0.08996968708757451	0.0900108626380056	0.08999060461069622	0.09000639725958888	0.08999247689534681	0.09000468150387357	0.08999422580880431	0.09000127897856691	0.08999662011329913	0.09000377152214477	0.0899986946660069	0.08999988849034049	0.08999479577696058	0.08999951201268494	0.08999848200131629	0.08999882932631023	0.08999935931998751	0.09000011628698033	0.09000122338581681	0.08999826308143104	0.09000258250820412	0.08998789123866938	0.09002816636013321	0.0900252155187801	0.0900050836022519	0.09000702904810276	0.09001023461051301	0.0900226918781932	0.09001120838339782	0.09000730010040868	0.09000443718018811	0.09000770098240404	0.0900080612942759	0.09000962910695731	0.09000949610802376	0.09000860484488948	0.09000480415342102	0.09000406640682118	0.09000419698658495	0.09000507980118613	0.09000743978860574	0.0900095953658532	0.09000538324954221	0.09000210880942049	0.09000173900819587	0.09000248211082382	0.09000241179674921	0.09000204263025924	0.09000192983767226	0.0900011213598388	0.09000139157404682	0.09000050931715849	0.09000122789521255	0.08999999253154223	0.0899984304516186	0.08999915928431564	0.09000220211874845	0.09000444904988744	0.09000034825583757	0.08999946098940477	0.09000052912719209	0.09000254715889813	0.09000280708480415	0.09000235575398996	0.08999766806205056	0.09000149845394348	0.08999971093497887	0.09000374843938283	0.08999506277245957	0.08999480571034334	0.08999141576692951	0.09001224846043758	0.08999650642276709	0.09001267610455822	0.08998680292229655	0.09001699497338443	0.08997714617532271	0.09002781784879113	0.08997150222906168	0.09003309864376897	0.08996058316070868	0.09006109731990944	0.08989732336989001	0.0901230756224253	0.08987372495183697	0.0901566766218637	0.08976341981752414	0.09032977742861825	0.0894791194958323	0.09080420395756571	0.08900846562764406	0.09129859063166763	0.08843883584532274	0.09155873277536852	0.08895398691080328	0.08975638912779109	0.09145231440008973	0.08544883017196539	0.09445749813336711
9	1.5735289056635116	0.09	0.09012985985903828	0.089925468277627	0.09002417918118598	0.08997999160135996	0.09001266156316125	0.08998316071904769	0.09000969297001798	0.08998687646241885	0.0900017103046184	0.0899928685693288	0.09000776009732626	0.08999715706489432	0.08999862346052612	0.0899873043207093	0.08999820249268575	0.08999679332086724	0.08999669403637414	0.08999910849508086	0.08999945065793882	0.09000373631370774	0.08999421771173562	0.09000964015928029	0.089961146182171	0.09009179411911257	0.09008072382991382	0.09001650374823406	0.09002280685913952	0.09003320293950864	0.0900725382586629	0.09003514654632104	0.09002426932801567	0.0900164450887358	0.09002571039680578	0.09002563431164746	0.09003042178080925	0.0900299030762263	0.0900286162070646	0.09001731032928702	0.09001377196130056	0.09001364041817399	0.0900167113706995	0.0900234241534488	0.09002728815649083	0.0900161635246859	0.0900081300275038	0.0900069760467926	0.09000870066545158	0.09000862876467403	0.09000703012161111	0.09000522083752716	0.09000320761718772	0.0900036137802703	0.09000166504867833	0.09000302970413776	0.09000039141978666	0.08999736768560408	0.08999932786762135	0.09000560222257052	0.09000941267695814	0.09000109676696506	0.08999925432366648	0.09000207692530203	0.09000589998433245	0.0900078816366405	0.09000518814417213	0.08999611516856813	0.0900023240495816	0.09000021001706957	0.09000710851296584	0.0899901144231198	0.089984969405666	0.08998626589388771	0.09001840562172748	0.09000193644768777	0.09001730783381516	0.08998431589405502	0.09002033252954637	0.08997061142921285	0.09003647509674584	0.08996287431421059	0.09004407534718246	0.08994672950784055	0.0900816538880378	0.0898575097683148	0.09017459702804065	0.0898197698720583	0.09022800375111269	0.08964984815155046	0.09049308051563078	0.08920022631474318	0.09128021533553338	0.08836352583707041	0.09218963962420101	0.08736827688095425	0.09263274978887107	0.0882188457204176	0.08990479149229635	0.09154723603157182	0.0841256073516199	0.09592891546213818
