Metodo = SPG
tbeg = 0.0 | tend = 5.0 | dim = 3
x0 = [0.09, 0.09, 0.09]
lower = [0.0, 0.0, 0.0]
upper = [0.5, 0.5, 0.5]
rmsd_tol = 0.09
grad_tol = 0.001

iter	f	x1	x2	x3
0	2.100453302496692	0.09000009037179202	0.09000015072333892	0.09000059444879144
1	0.30044511578508143	0.10042766952393553	0.10739142621589992	0.1585912458635248
2	0.06055476611782939	0.10248236159796334	0.10971370085961063	0.18762469901086495
3	0.009408596699706626	0.10209451736578871	0.10666169226267178	0.20571541187230044
4	0.007201939280375737	0.10244554334444549	0.10665281714400954	0.21020419782321392
5	0.0072071283816210275	0.10227805548741645	0.10571325084288527	0.21045368249911514
6	0.007145318832331336	0.1025672478853137	0.1062153219453827	0.21053532635496405
7	0.00714161602985379	0.10261243416859651	0.10612249304280968	0.2105275477442097
8	0.007136091130336936	0.10276369933660774	0.1060660645573871	0.21052726737404617
9	0.006094838989612277	0.14101741520138897	0.09026924266686265	0.2090427643948915
10	1.4353978033784158	0.18759512369420422	0.16754219417972593	0.22970687111736734
11	0.007218641766455142	0.15779612781126895	0.08049572353205561	0.2097536574951254
12	0.005881995062096265	0.15909804668805935	0.08337304326954258	0.2092164282390106
13	0.0057936979812440136	0.15889298346347597	0.0828553848112206	0.20886026237633207
14	0.005786931009574883	0.15893454719402889	0.08287797590843284	0.20870447827401917
15	0.005784564344106363	0.15899229437127638	0.0828627733384524	0.20856846436345902
16	0.00578369407529338	0.15906296282448046	0.08283769376456435	0.2085710688360012
17	0.005776741404255839	0.1620122643751429	0.0810989926050165	0.20838368479592573
18	0.1425249835595288	0.1749810457923724	0.10524859999865877	0.21260071253144988
19	0.005735488844432269	0.16475077990066583	0.08006410262208083	0.20872016551952804
20	0.005718792095567731	0.1648593677671822	0.08025350475316992	0.20854963927605827
21	0.005715974202445396	0.1648861490943424	0.08023899301856413	0.20843431450281394
22	0.005715133314339343	0.1649397616716611	0.08022975046898347	0.20837213999055215
23	0.005714289314345346	0.16501510571282382	0.0801804620278675	0.20837532994518235
24	0.005729171492765665	0.1660312644026228	0.08012740086339991	0.20832501895274919
25	0.006783404493314806	0.16508379400660766	0.07754725118213532	0.20825924288927763
26	0.005703745138361252	0.1661006096083094	0.07971946378318343	0.20841549213996907
27	0.005703020727923755	0.16611493286207968	0.07969461184480231	0.2083747393480278
28	0.0057023972563933715	0.16616321732987313	0.07967724950707854	0.2083325444013468
29	0.005701207942564593	0.1662805413607374	0.07962425231123592	0.20833618968519577
30	0.005710712051562203	0.17509434561809323	0.0756197860131959	0.2070977370879514
31	0.005944527472790569	0.17536021252401798	0.07577232476550257	0.2098077648915186
32	0.00564838255609662	0.17508817601942192	0.07522714689073011	0.20805696442893892
33	0.0056346335516228255	0.17536531390779178	0.07575975084821479	0.20806340275069593
34	0.005624103753374624	0.17528117220638476	0.07553633128380118	0.20803637231017244
35	0.005623990971587961	0.17529759550413332	0.07553030236139921	0.2080341051674589
36	0.0056150235188840445	0.17670432011285517	0.07489156568775772	0.2079092373469744
37	0.0057301444496604525	0.17712187655890604	0.07455965937075273	0.2090793244924967
38	0.005614641170479431	0.17718298225584017	0.07470073628403254	0.20779061881002567
39	0.005611293822347705	0.1771939742515403	0.07463905937178648	0.20796821169059854
40	0.0056111095907585735	0.17723445895984757	0.07465470996458785	0.20796947232206273
41	0.005610927179973361	0.1772503115233135	0.07461616399047617	0.2079658962738332
42	0.0056107414694529225	0.17729376848468145	0.07462853137266158	0.20796760764554303
43	0.005610564333066192	0.17731177809401313	0.07457960636791908	0.20796305015184388
44	0.005610382284692052	0.17735816522250045	0.07460452741177381	0.20796601739251336
45	0.00561018539825775	0.17736668604160052	0.0745645848615088	0.2079622261815024
46	0.005610027120842004	0.17739671096044834	0.07457081482194439	0.20796318196994742
47	0.005609792338021027	0.17742898967696902	0.07453571083669956	0.20796013917807302
48	0.0056099944304127455	0.17755801177614655	0.07456315577869756	0.20796430881332442
49	0.0056090741836645214	0.1775430820615145	0.07449200484948197	0.2079572097005665
50	0.005608978193336459	0.17755963785171006	0.07448854517651485	0.20795706521761007
51	0.005607278172510568	0.17783205269953098	0.07435853834884787	0.2079475777005193
52	0.00560686628956723	0.17836252916203651	0.07424607294556479	0.20794280252007424
53	0.005609544745444677	0.1782740943908979	0.07396865111945278	0.20791484880252328
54	0.005604072983283405	0.17836177105474824	0.07412042096683331	0.20793054485421109
55	0.005603989419004988	0.17837427044828535	0.07411148817135134	0.20792983966476764
56	0.00560171575764175	0.1787583356539084	0.07393426198057632	0.20791729319873745
57	0.00558607606136987	0.1856510825989791	0.0703708749792204	0.20759661420581957
58	0.00557793390080826	0.1858977530881062	0.07084774898792749	0.20769778372699346
59	0.005568500774746555	0.1858067973266583	0.07063461696800859	0.2076790110872331
60	0.005568470586266155	0.18581561977849148	0.07063168903274751	0.20767964688544396
61	0.00556713102525983	0.18620403928521997	0.07044645960273008	0.20768383932017964
62	0.005576674234436781	0.18651678106938768	0.07033305395597393	0.20732525723846906
63	0.005575605887951121	0.18653706384796703	0.07025753958670627	0.2079719444756479
64	0.005565911345537845	0.1865562663599192	0.07028366075692055	0.20765521965302147
65	0.0055658633293552634	0.1865690379802054	0.07027363790593143	0.2076547675465878
66	0.005565516430482755	0.18673987799264305	0.0702291771913453	0.2076523275798892
67	0.005571391745688747	0.186699253320099	0.07000618203847095	0.20763155921927504
68	0.005565173865025165	0.18679412406244622	0.07018402561319911	0.20764871241341573
69	0.005565115890813303	0.1867958494283203	0.07016804765731828	0.20764727371497166
70	0.005565081724636176	0.18680632451364165	0.0701631246859558	0.20764692792198583
71	0.0055481374259148475	0.1970119362947687	0.06531649609058737	0.20730239546335238
72	0.0055540378219783365	0.1969084469971373	0.0650993032640191	0.20728950707523391
73	0.0055477539721286925	0.19699367607776638	0.06527226662811293	0.2073023953971265

Resumo final
status = 0
f_final = 0.0055477539721286925
RMSD = 0.014607366387346507
avaliacoes = 129
tempo_s = 540.963536
x_final = [0.19699367607776638, 0.06527226662811293, 0.2073023953971265]
iteracoes = 75
grad_tol = 0.001
criterio_parada = Convergencia atingida
gnorm = 0.00033325815205598186
