Metodo = SPG
tbeg = 0.0 | tend = 31.0 | dim = 2
x0 = [0.09, 0.09]
lower = [0.0, 0.0]
upper = [0.5, 0.5]
rmsd_tol = 0.09
grad_tol = 0.001

iter	f	x1	x2
0	22.163846261942997	0.09000029021358243	0.09000779158249024
1	8.265118683383374	0.09175389390701758	0.13715233168853097
2	7.462721077415458	0.08780451048219275	0.139829741275876
3	7.303621824613558	0.08698115553457282	0.1403783669466995
4	7.298687176441296	0.08695540241322733	0.14039549390352893
5	7.2969619027149895	0.08694639459330208	0.1404014830679961
6	7.296700647134777	0.08694502883162077	0.14040239191670556
7	7.296618029645288	0.0869445950017521	0.14040268181583848
8	7.296590359672222	0.08694444768993694	0.14040278181040602
9	7.296577698917439	0.08694437728328303	0.14040283177233928
10	7.296572712604327	0.08694434364311213	0.14040286011262354
11	7.296568617872586	0.08694433965208001	0.1404029096976553
12	7.29657430752953	0.08694477709636711	0.14040344714208808
13	7.296504770929026	0.08694440501256334	0.14040369710265102
14	7.296498606194178	0.08694436449782998	0.14040372970880036
15	7.296494434517391	0.08694435507706996	0.1404037885176565
16	7.296521487573417	0.08694466770448679	0.14040388323126105
17	7.296499808246798	0.08694455320058389	0.14040396062752417
18	7.296471027626782	0.08694439416866119	0.1404040697964276
19	7.296469898308528	0.0869443580543676	0.14040410413559487
20	7.29647041851719	0.08694442015397087	0.1404041075102329
21	7.2964693864456365	0.08694441439941274	0.1404041120289243
22	7.296463085127127	0.08694437165159373	0.14040414646648233
23	7.296459047616354	0.08694437867083607	0.14040419495914094
24	7.29646179504035	0.08694435940893482	0.1404042382393988
25	7.296464675653024	0.08694446892294162	0.14040423846203437
26	7.296463964204398	0.08694446509133798	0.14040424121030112
27	7.2964498512745966	0.0869443800846308	0.14040430243007757
28	7.296447774877273	0.08694436901716317	0.14040433252820156
29	7.296450433810969	0.08694444355369702	0.14040436554286922
30	7.2964442165005545	0.08694440827784618	0.14040439190229384
31	7.296439952638049	0.086944370994793	0.14040442465271824
32	7.296440297087231	0.08694441348561673	0.1404044426963371
33	7.296437320168557	0.08694439567682605	0.14040445781409994
34	7.296434997123063	0.08694437174473904	0.1404044843338081
35	7.296435122277302	0.086944410257307	0.14040449806211516
36	7.296432879136158	0.08694439684752259	0.14040450989576328
37	7.29643040372617	0.08694437469810191	0.14040453446360063
38	7.2964299145463505	0.0869444055915189	0.14040455250566097
39	7.296427303303765	0.08694438893917748	0.14040456827892642
40	7.296425776225674	0.08694437274819755	0.14040459789933155
41	7.296427556665229	0.08694443223600849	0.14040461103580265
42	7.2964248677075565	0.08694441700947947	0.14040462297172823
43	7.296420060961766	0.08694438383601816	0.14040465127213253
44	7.2964163309792625	0.08694438705378418	0.14040469517753584
45	7.296412602769912	0.08694437722538512	0.14040474896165053
46	7.296418037725567	0.0869444762944719	0.1404047783815396
47	7.296411819533189	0.08694444216454279	0.14040480299283348
48	7.296404315388153	0.08694439600510737	0.1404048385045598

Resumo final
status = 2
f_final = 7.296404315388153
RMSD = 0.14692513405112578
avaliacoes = 201
tempo_s = 2981.842431
x_final = [0.08694439600510737, 0.1404048385045598]
iteracoes = 50
grad_tol = 0.001
criterio_parada = Numero maximo de avaliacoes da funcao (nfevalmax) atingido
gnorm = 0.35959516149544024
