Metodo = SPG
tbeg = 0.0 | tend = 31.0 | dim = 3
x0 = [0.09, 0.09, 0.09]
lower = [0.0, 0.0, 0.0]
upper = [0.5, 0.5, 0.5]
rmsd_tol = 0.09
grad_tol = 0.001

iter	f	x1	x2	x3
0	22.16387663608566	0.090000261847577	0.09000005673201084	0.09000776321648482
1	3.774072785137226	0.09199289525646423	0.0904314769268247	0.14908448779092184
2	1.6860063980026383	0.09169446927640149	0.08595335267626199	0.17073161525983582
3	1.366981414755501	0.09238545310414524	0.08330749970141527	0.18197420250097646
4	1.3531097807286372	0.09371323748016303	0.08234431497836567	0.1835299780435656
5	1.336990755198775	0.09653608614278786	0.08148528693814538	0.18362610492892653
6	1.7136037914904756	0.13609921869572006	0.052729424029249156	0.17856231584819848
7	5.842518374160109	0.15759593815272302	0.09588906266159719	0.1914544661739243
8	1.1275006692629166	0.14569505526706455	0.06269331573015163	0.18297363383198148
9	1.121422164766193	0.1456017145822776	0.06136326305657096	0.18270184702297587
10	1.1201274177430107	0.14605965080822075	0.061311080596111164	0.1827184446672812
11	1.1083809386935666	0.1499911591693032	0.05946302555149851	0.1826054159838732
12	2.2226019455511583	0.20651159284691728	0.05544026324240211	0.1865313489773243
13	1.6783427333487042	0.192331376431515	0.023529748958819707	0.17831927683786122
14	1.0196616302770984	0.19969817692038033	0.03651427074170869	0.18133728091666831
15	1.0194078465469594	0.1998347186774879	0.03648385532022105	0.18153782748846453
16	1.0191900963937108	0.200066462725363	0.03633490734906321	0.18167672477134753
17	1.0185874562162023	0.20086011305142773	0.03597472418700636	0.18151504839074972
18	1.0318177038397671	0.20560119193548032	0.03267167054489409	0.18449481278187527
19	1.173831563591235	0.2075597250873494	0.03569496958422339	0.17256672763637396
20	1.015410917628975	0.20634238008491415	0.03255955627355326	0.1814664636784708
21	1.0147086014293596	0.20683296564233222	0.03319901020012679	0.1815338640778285
22	1.0144802365410224	0.20680376434153738	0.032924345901277005	0.18147946977071133
23	1.0144224426546948	0.2069064754330754	0.03288353183778685	0.18147811170995823
24	1.0113793588865656	0.21311220760706967	0.029604688590184475	0.18128994306421378
25	1.136981624141982	0.22255847530979364	0.032179984981775704	0.18367219321327133
26	1.136362149287148	0.21638640163619577	0.02018629525223304	0.179312594093824
27	1.0094307745314282	0.21980208823103184	0.026137485253671294	0.18094863688953622
28	1.0093623134013192	0.21984266383199647	0.026128779369120076	0.18108623547548977
29	1.009346962099374	0.2198857525538396	0.02609281093145497	0.1811420943902476
30	1.0093299022524045	0.21996947616278803	0.026049421584058916	0.1811362503863114
31	1.0086686004768108	0.22586634779060985	0.02277546605770181	0.1811842052082778
32	1.1328525046403282	0.22769874300457335	0.02553333809555625	0.17339095455423637
33	1.0093651701214124	0.22606617007446048	0.022132921672281102	0.18076714868659824
34	1.0086312303659128	0.22642326293904272	0.02275159965557459	0.1809863672166586
35	1.0085577162701589	0.22634686865101775	0.022597824804826187	0.18095821394414105
36	1.008557445799906	0.2263536590256681	0.022594810411194367	0.18095923757258103
37	1.0085495513371519	0.22656258590220943	0.022478420618955337	0.1809627282292965
38	1.011687401320529	0.2277860422263579	0.02209024693200779	0.17960938066316492
39	1.0111596920332813	0.22761642725671027	0.021641707322040467	0.18212173263650505
40	1.0085241613802425	0.22770203889032736	0.02185582359131832	0.18092742202877626
41	1.0085240682491197	0.22770315621414397	0.02185370820383585	0.18092070814936653
42	1.0085240502848571	0.2277055980585594	0.02185347053677407	0.18092086220488712
43	1.0085239855383616	0.2277129567148867	0.02184738074671281	0.18092028625437478
44	1.0085269662996261	0.22776460255459977	0.021861765682277018	0.18092636234819226
45	1.008526903292117	0.2277321386060303	0.021797727124942805	0.18091286310215518
46	1.0085236840259386	0.2277507466070705	0.02182836144601425	0.18091949620869724
47	1.008523675004038	0.22775191851516635	0.02182765987763716	0.18091946092257727
48	1.0085225564489937	0.22798735009620913	0.021698101441695542	0.18091310249107978
49	1.0085361903365924	0.22806933422341844	0.02165210075618791	0.18082277723174572
50	1.0085225556857225	0.22807447275552595	0.02165688147209364	0.18090924142717074
51	1.0085224807240638	0.22807075724756207	0.021650098646047004	0.18090982612387368
52	1.0085224721120243	0.22807167423963204	0.021651740810237373	0.18091021163997123

Resumo final
status = 0
f_final = 1.0085224721120243
RMSD = 0.05462411826464041
avaliacoes = 66
tempo_s = 1980.83596
x_final = [0.22807167423963204, 0.021651740810237373, 0.18091021163997123]
iteracoes = 54
grad_tol = 0.001
criterio_parada = Convergencia atingida
gnorm = 0.00015178083201178305
