Metodo = TRUST_REGION
tbeg = 0.0 | tend = 31.0 | dim = 3
x0 = [0.09, 0.09, 0.09]
lower = [0.0, 0.0, 0.0]
upper = [0.5, 0.5, 0.5]
rmsd_tol = 0.09
grad_tol = 0.001

iter	f	x1	x2	x3
0	22.1679256727995	0.09	0.09	0.09
1	1.7334314519023255	0.09337091948497815	0.09073034489358764	0.18994049978943578
2	3.380000000000001e56	0.06738453992038286	-0.0051641650652923254	0.17858483878396983
3	2.4370854988491057	0.08719033799561429	0.0688336704232646	0.17958018803765746
4	1.419082294490761	0.09182577411263719	0.08525617627600687	0.1873504218514912
5	1.3462541625222202	0.09486718822224245	0.08149042478334431	0.1833967633040944
6	1.2934502672760204	0.10711438318087545	0.0790055242496619	0.18368221905012036
7	1.2563356643893229	0.127864577634009	0.06606242081633412	0.18886927058941747
8	1.1334093688638456	0.14993638128831663	0.05976336365616869	0.17896183084250702
9	1.1340111279513851	0.17320220467190212	0.05353323792962779	0.185661606638405
10	1.1127629843233908	0.15282267095400043	0.05944551034841772	0.18449634086964753
11	1.0967029024202064	0.15668578449701007	0.055027158779635064	0.18234761492889764
12	1.07727360942673	0.16291868365958284	0.054620628422160936	0.18212806744507798
13	1.05298410102148	0.17388909272179556	0.04862898650638822	0.1821468333950059
14	1.0386508721347187	0.1972776405060783	0.040062160229366234	0.18000549734439436
15	1.1503878273526766	0.21841283570965014	0.030276518704259906	0.1890909111296343
16	1.0226596088811473	0.2015303435778336	0.03643187200947283	0.18279799157428747
17	1.07776524140065	0.20008033160342323	0.032239390412923744	0.17839537152065307
18	1.0185606572779853	0.20116784058423098	0.03538375161033556	0.18169733656087886
19	1.017243562287101	0.2027085421820869	0.035147914328761104	0.18158767520495145
20	1.0153399282272517	0.20540402048597495	0.03357277597884555	0.18144997665051413
21	1.0123106969816134	0.2110335803252758	0.03085841247082085	0.1813971868595066
22	1.0090371346921394	0.22211715207081079	0.025086167213409446	0.1811045744027138
23	1.0085626103755005	0.22681101887819022	0.022444164410035158	0.18097138464737508
24	1.0085231998029247	0.22788378340220236	0.021766955214413703	0.18091933950771433
25	1.0085224732937463	0.22806366991997598	0.021656516178330556	0.18091028959556013
26	1.0085224721110344	0.22807185734612587	0.021651580242458904	0.18091024985672302

Resumo final
status = gtol
f_final = 1.0085224721110344
RMSD = 0.054624118264613594
avaliacoes = 27
tempo_s = 768.963226
x_final = [0.22807185734612587, 0.021651580242458904, 0.18091024985672302]
maxiter = 100
grad_tol = 0.001
Delta0 = 0.05
Delta_final = 0.025
gnorm = 0.00015037251752098065
