Metodo = TRUST_REGION
tbeg = 0.0 | tend = 31.0 | dim = 2
x0 = [0.09, 0.09]
lower = [0.0, 0.0]
upper = [0.5, 0.5]
rmsd_tol = 0.09
grad_tol = 0.001

iter	f	x1	x2
0	22.167925672799463	0.09	0.09
1	13.115229423613119	0.09372212549887658	0.18993070489979852
2	3.380000000000001e56	0.0	0.18260462555202073
3	3.380000000000001e56	0.058051148657234534	0.15932092749416693
4	3.380000000000001e56	0.07588663707805555	0.17462581619698272
5	3.380000000000001e56	0.08480438128846607	0.18227826054839064
6	10.97492814159448	0.08926325339367133	0.18610448272409458
7	3.380000000000001e56	0.08012315284580473	0.17871904920069234
8	3.380000000000001e56	0.08469320311973803	0.18241176596239347
9	3.380000000000001e56	0.08697822825670469	0.184258124343244
10	10.475124302549037	0.088120740825188	0.1851813035336693
11	3.380000000000001e56	0.08582011321100046	0.1833544232070074
12	3.380000000000001e56	0.08697042701809422	0.18426786337033835
13	3.380000000000001e56	0.08754558392164112	0.18472458345200382
14	10.352367930416294	0.08783316237341456	0.18495294349283656
15	3.380000000000001e56	0.08725695009446968	0.18449755562926606
16	3.380000000000001e56	0.08754505623394213	0.1847252495610513
17	10.291310305623353	0.08768910930367833	0.18483909652694394
18	3.380000000000001e56	0.08740071369342527	0.18461176934827783
19	3.380000000000001e56	0.0875449114985518	0.18472543293761087
20	10.260857940553539	0.08761701040111507	0.1847822647322774
21	3.380000000000001e56	0.08747273022625628	0.18466870571816535
22	3.380000000000001e56	0.08754487031368567	0.18472548522522136
23	10.24564986970756	0.08758094035740037	0.1847538749787494
24	3.380000000000001e56	0.0875087864851377	0.18469711299011837
25	3.380000000000001e56	0.08754486342126903	0.1847254939844339
26	3.380000000000001e56	0.0875629018893347	0.18473968448159164
27	3.380000000000001e56	0.08757192112336754	0.1847467797301705
28	3.380000000000001e56	0.08757643074038395	0.18475032735445995
29	10.244700157348715	0.08757868554889216	0.18475210116660468
30	3.380000000000001e56	0.087574178343438	0.18474855047896313
31	3.380000000000001e56	0.08757643194616509	0.1847503258227839
32	3.380000000000001e56	0.08757755874752862	0.18475121349469428
33	10.244463067002377	0.08757812214821038	0.1847516573306495
34	3.380000000000001e56	0.08757699690670166	0.1847507676822468
35	3.380000000000001e56	0.08757755952745602	0.18475121250644816
36	10.244345046011077	0.08757784083783321	0.1847514349185488
37	3.380000000000001e56	0.0875772816993576	0.1847509857249954
38	3.380000000000001e56	0.08757756126859541	0.1847512103217721
39	10.244289179934636	0.08757770105321432	0.18475132262016045
40	3.380000000000001e56	0.0875776275542239	0.18475097162077406
41	3.380000000000001e56	0.0875776643037191	0.18475114712046725
42	3.380000000000001e56	0.08757768267846672	0.18475123487031384
43	3.380000000000001e56	0.08757769186584051	0.18475127874523714
44	10.244285115071472	0.08757769645952741	0.1847513006826988
45	10.24428018849519	0.08757770149362519	0.18475127884209344
46	3.380000000000001e56	0.087577692945661	0.18475123483812725
47	10.244277253087974	0.08757769469728822	0.1847512574840976
48	10.244266617784113	0.08757770094885804	0.18475121309564632
49	10.244257551584964	0.08757769671766541	0.1847511684692669
50	10.244239189421608	0.0875777026374898	0.18475107901188817
51	10.244206303667125	0.08757769148643839	0.18475090005289352
52	10.244128305969012	0.08757769924698056	0.18475054152472886
53	10.244054255617089	0.08757769629483993	0.1847501829247348
54	3.380000000000001e56	0.08757766220003957	0.18474946651128707
55	3.380000000000001e56	0.0875776642982503	0.18474982574286358
56	3.380000000000001e56	0.08757766535290407	0.18475000630858512
57	3.380000000000001e56	0.08757766589187027	0.1847500985841967
58	3.380000000000001e56	0.0875776769585588	0.18475014248311064
59	10.2440754874252	0.08757768662669936	0.18475016270392272
60	10.244052083721527	0.08757769146076964	0.18475017281432876
61	10.244048943680856	0.0875777020932922	0.18475015308354958
62	3.380000000000001e56	0.08757768605870637	0.18475011122296203
63	10.244046250613566	0.087577687751146	0.18475013585981523
64	10.244041423220635	0.08757770070661632	0.18475011757020146
65	10.244036381769508	0.08757769733539905	0.18475009541192813
66	3.380000000000001e56	0.0875776739473045	0.18475005717040927
67	3.380000000000001e56	0.08757768564135177	0.1847500762911687
68	10.24403409710274	0.08757769148837541	0.18475008585154842
69	10.244030223504453	0.08757769860652187	0.18475006459863866
70	3.380000000000001e56	0.08757768343060232	0.18475002241916264
71	3.380000000000001e56	0.08757768571114095	0.18475004626660838
72	10.244027788411106	0.0875776921588314	0.18475005543262352
73	10.244023220331432	0.08757769377776155	0.18475003307790927
74	3.380000000000001e56	0.08757768179853	0.18474998988167396
75	10.24401974284515	0.08757768778814577	0.18475001147979161
76	10.244014295855782	0.08757769351444149	0.18474998981037258
77	10.24401077429057	0.08757768758414275	0.1847499681958927
78	10.244000663884542	0.0875776931330349	0.18474992371413768
79	10.24398326092671	0.08757768665084141	0.18474983429574973
80	10.24394525008272	0.08757769150027359	0.18474965505526675
81	10.243872098777116	0.08757768378096284	0.18474929652621186
82	10.243723381155604	0.08757768517738532	0.18474857930328012
83	10.243429042539352	0.08757767014006759	0.18474714493351807
84	10.242835895469604	0.08757765939335012	0.18474427605648186
85	10.241652988773247	0.08757762091259805	0.18473853839119056
86	10.239287373718636	0.08757756003670657	0.18472706296400118
87	3.380000000000001e56	0.08757740840560387	0.18470411228757935
88	3.380000000000001e56	0.08757747859776185	0.18471558766432095
89	3.380000000000001e56	0.08757751369386614	0.18472132535682534
90	3.380000000000001e56	0.08757753124196885	0.18472419421134473
91	3.380000000000001e56	0.08757754001612134	0.18472562865513925
92	10.239150770009815	0.08757754440339989	0.18472634591010953
93	10.238843913082567	0.08757754715613998	0.18472491146416853
94	10.23854826211768	0.0875775385121718	0.1847234770416307
95	10.237956879374533	0.0875775202240204	0.1847206082027568
96	3.380000000000001e56	0.08757747409766486	0.1847148705938364
97	3.380000000000001e56	0.087577492009645	0.1847177394443337
98	3.380000000000001e56	0.08757750096572169	0.1847191738834572
99	3.380000000000001e56	0.0875775054439333	0.18471989113077097
100	3.380000000000001e56	0.08757750768338578	0.18472024980995072

Resumo final
status = maxiter
f_final = 10.237956879374533
RMSD = 0.17403968872813858
avaliacoes = 101
tempo_s = 1741.737502
x_final = [0.0875775202240204, 0.1847206082027568]
iteracoes = 100
maxiter = 100
grad_tol = 0.001
Delta0 = 0.05
Delta_final = 1.7930607279212332e-7
gnorm = 233.10364467607323
