Pontos aceitos no two_dim_problem
x0 = [0.1, 0.2]
lb = 0.0 | ub = 0.5
iterations = 10 | outer_iterations = 10

iter	f	gnorm	x1	x2
0	1.7952092908188053	19864.67832141579	0.1	0.2
1	1.3878475820129998	32.86584693197533	0.11408371103191825	0.10321949954908671
2	1.4672135019214982	30.694080145369302	0.1307267621637363	0.10563725531493727
3	1.446069761972105	30.83594995216984	0.1284438290126091	0.1054887542978079
4	1.3502646620594625	31.11061686082508	0.11914242900560185	0.1056821622605879
5	1.2240627703386637	30.7230057011197	0.1092349120059119	0.10747734727544365
6	0.9400262734324151	28.14465279093252	0.09231481268936828	0.1148775839465865
7	0.5810305939805984	22.304409884575175	0.07944386948331163	0.12871636704949932
8	0.4239702154534789	18.43446434334709	0.07789618253932946	0.1364266000884665
9	0.12816674026646507	7.9964671338170525	0.08186816115886501	0.1730795867824413
10	0.16162044300766115	9.550903263704573	0.0853912443384575	0.17470118755707176
11	0.16162044300766115	9.550903263704573	0.0853912443384575	0.17470118755707176
12	0.12058790553936792	7.722590622120382	0.08085728893621696	0.1732378479575449
13	0.10273371891039502	7.655731702860606	0.07750547181011794	0.17652766438331483
14	0.09925284551651378	7.501804746804941	0.07699712138489485	0.17656950776485747

Resumo final
convergiu = true
iteracoes = 3
f_final = 0.09925284551651378
x_final = [0.07699712138489485, 0.17656950776485747]
n_pontos_aceitos = 15
