Pontos aceitos no full_dim_problem
Metodo = BFGS() com penalidade externa de caixa
x0 = [0.1, 0.101, 0.102, 0.103, 0.104, 0.105, 0.106, 0.107, 0.108, 0.109, 0.11, 0.111, 0.112, 0.113, 0.114, 0.115, 0.116, 0.117, 0.118, 0.119, 0.12, 0.121, 0.122, 0.123, 0.124, 0.125, 0.126, 0.127, 0.128, 0.129, 0.13, 0.131, 0.132, 0.133, 0.134, 0.135, 0.136, 0.137, 0.138, 0.139, 0.14, 0.141, 0.142, 0.143, 0.144, 0.145, 0.146, 0.147, 0.148, 0.149, 0.15, 0.151, 0.152, 0.153, 0.154, 0.155, 0.156, 0.157, 0.158, 0.159, 0.16, 0.161, 0.162, 0.163, 0.164, 0.165, 0.166, 0.167, 0.168, 0.169, 0.17, 0.171, 0.172, 0.173, 0.174, 0.175, 0.176, 0.177, 0.178, 0.179, 0.18, 0.181, 0.182, 0.183, 0.184, 0.185, 0.186, 0.187, 0.188, 0.189, 0.19, 0.191, 0.192, 0.193, 0.194, 0.195, 0.196, 0.197, 0.198, 0.199, 0.2]
lb = 0.0 | ub = 0.5
iterations = 10 | penalty_weight = 1.0e6

iter	f	gnorm	x1	x2	x3	x4	x5	x6	x7	x8	x9	x10	x11	x12	x13	x14	x15	x16	x17	x18	x19	x20	x21	x22	x23	x24	x25	x26	x27	x28	x29	x30	x31	x32	x33	x34	x35	x36	x37	x38	x39	x40	x41	x42	x43	x44	x45	x46	x47	x48	x49	x50	x51	x52	x53	x54	x55	x56	x57	x58	x59	x60	x61	x62	x63	x64	x65	x66	x67	x68	x69	x70	x71	x72	x73	x74	x75	x76	x77	x78	x79	x80	x81	x82	x83	x84	x85	x86	x87	x88	x89	x90	x91	x92	x93	x94	x95	x96	x97	x98	x99	x100	x101
0	1.7952092909181672	1.6237035139970663e6	0.1	0.101	0.102	0.103	0.104	0.105	0.106	0.107	0.108	0.109	0.11	0.111	0.112	0.113	0.114	0.115	0.116	0.117	0.118	0.119	0.12	0.121	0.122	0.123	0.124	0.125	0.126	0.127	0.128	0.129	0.13	0.131	0.132	0.133	0.134	0.135	0.136	0.137	0.138	0.139	0.14	0.141	0.142	0.143	0.144	0.145	0.146	0.147	0.148	0.149	0.15	0.151	0.152	0.153	0.154	0.155	0.156	0.157	0.158	0.159	0.16	0.161	0.162	0.163	0.164	0.165	0.166	0.167	0.168	0.169	0.17	0.171	0.172	0.173	0.174	0.175	0.176	0.177	0.178	0.179	0.18	0.181	0.182	0.183	0.184	0.185	0.186	0.187	0.188	0.189	0.19	0.191	0.192	0.193	0.194	0.195	0.196	0.197	0.198	0.199	0.2
1	1.294015802924313	59.24177950414871	0.1	0.10099246249442774	0.10200439439072942	0.1029967934429585	0.10400254135110784	0.10499763187170547	0.10600182244292888	0.10699843175979389	0.10800108907801546	0.10899892432583037	0.1100008929738508	0.11099911177661784	0.11200052565854458	0.11299945111344069	0.11400025959034127	0.11499977104424239	0.11600011137694799	0.11699986499670097	0.11800007762132445	0.11899988052830773	0.12000004445779275	0.12099991662823904	0.12200001224105275	0.1229998571228685	0.12399999342769064	0.12499991551204445	0.12599999966233233	0.12699997784834502	0.12799999005696316	0.12899994107989754	0.12999998303058818	0.13099997740638483	0.1319999903681023	0.13299997933900723	0.13399998695762846	0.1349999765080528	0.13599998213194633	0.13699997556913887	0.1379999867710013	0.13899999106039204	0.1399999943976922	0.14099999053633155	0.14199998826763596	0.14299998426092178	0.14399998903674643	0.14499999078578754	0.14599999341987357	0.1469999939354523	0.14799999412090992	0.14899999703058758	0.15000000139282427	0.15100000195622584	0.152000000936661	0.15300000154753193	0.1540000004979901	0.15500000149778492	0.15600000230745303	0.15700000820787494	0.1580000056321693	0.15900000661355504	0.16000000039524387	0.16100000702072564	0.16199999488375214	0.16300001258807545	0.16399997423150445	0.16500002515109424	0.16599995704391846	0.16700004293682438	0.16799995737314477	0.16900007132311218	0.1699998774755129	0.171000176505212	0.1719997167894459	0.17300065589170402	0.1739990804563745	0.17500110701891977	0.17599845811337764	0.17700204292757363	0.17799720327497268	0.17900365474700952	0.1799955492261991	0.1810053269449609	0.1819933440307045	0.18301000140144777	0.1839812318424642	0.1850275080811377	0.1859650571015389	0.1870488596692798	0.18792897200234981	0.18911386619706583	0.189818548956159	0.19132487942966425	0.19146083560490854	0.19388066947013696	0.19247534673044567	0.19740562587251634	0.19218883068271148	0.20224062084300765	0.19137076363488936	0.2083873169931465	0.19422899803162366
2	0.4686298305722933	4.747935789966894	0.1	0.10026052648145953	0.10241334517922045	0.10271834123437049	0.10421908567020197	0.10480206393635544	0.10615410062142032	0.10687608866212811	0.10807994469204436	0.10893555326148271	0.11003562728763357	0.11098606483678022	0.1119619075664205	0.11309832480661006	0.11383995754498226	0.11517837821046172	0.11576673772292356	0.11729860789065004	0.11753310343397333	0.11962572408173916	0.11912462440021018	0.12221005049547223	0.11972925864112377	0.11669856371062447	0.1201328286680568	0.1211306494475063	0.12498361971715526	0.12575971747850861	0.12640725180083115	0.12589025724637334	0.128272448648537	0.12962158636712853	0.13088288441998858	0.1313517729840387	0.13231551938745198	0.13314580028137296	0.13431568531991378	0.13524382419962858	0.1366008870216477	0.13774255009177802	0.13870730995274355	0.13947560651536606	0.14021421567411604	0.14135234868641433	0.14291125510958136	0.14411140322151997	0.14512652715474392	0.1460526285104858	0.14696548049409944	0.14806122606036337	0.14933135061338765	0.15049810936279534	0.15156026418282398	0.15266306766378254	0.15368626009643344	0.15476373874799057	0.15573605641365829	0.156337129527928	0.15710302330027204	0.15831716417122416	0.15970450094431532	0.16067270666174147	0.16149223496358286	0.1623905509758558	0.16339677540537764	0.16441452099463777	0.16560108228966505	0.166768272321229	0.16780264659154082	0.1687953799092846	0.1697735969976869	0.17079159885666748	0.1717764673697519	0.17269210566071638	0.17369219744821282	0.17479047406231227	0.17579081327894922	0.17685987465752323	0.177830053249271	0.1789089867513288	0.179854896446991	0.18096325685356887	0.18186527391128945	0.18301254829516356	0.18372641407807422	0.18514381159924356	0.185596429996726	0.18735262168618647	0.18730037129207133	0.18992527874627366	0.18833881533316357	0.19373408488228558	0.1872966298022943	0.20022855982086601	0.181818613281463	0.21275587845559407	0.17076363032289768	0.22511626113749864	0.17475335855167598	0.20010247307857038	0.24554694310976713
3	0.2480664684002411	3.563697995224203	0.1	0.08949407200831036	0.10833111743095014	0.09887151011842586	0.10720781236611358	0.10212071462874886	0.10834308057917585	0.1051007064226562	0.1093407105001255	0.10784339192313751	0.11091016635799783	0.11026276556366896	0.11225599166031433	0.11308529661857002	0.11338335412423711	0.11579755815074665	0.11484817521308209	0.11852119861397195	0.11557071222849936	0.12230651283850053	0.11534907646886891	0.12755804375562185	0.10981362562481986	0.08931238846082565	0.10332711880563529	0.10411802156370527	0.12050336766869846	0.12021669191524245	0.11938593772549616	0.11211896564682744	0.12064636570931625	0.1234671110168563	0.12592772914646116	0.12403268752409956	0.12487969862152036	0.12492695756820285	0.12686324240105995	0.12744640019667608	0.13039946268053948	0.13216277805156587	0.1329842713921307	0.1327261291339228	0.13232356609010099	0.13405506818039548	0.1380747813383065	0.14015529051476086	0.14124219558370318	0.1418414457678149	0.14237098747357388	0.14389026945999894	0.14635945745246196	0.14826529455814952	0.14960302730348438	0.15116303064335557	0.15228881646982112	0.153711750173177	0.15456282643020042	0.15339675651381388	0.15312707665797215	0.15528380087328073	0.15839059975283304	0.1592193624329177	0.159237591586843	0.15968247734003688	0.16071521658935667	0.1618058408826201	0.16382549365476684	0.16573711288988602	0.16692782738355474	0.16788236372194942	0.1687672075868912	0.16985478616102487	0.17079927079900445	0.17130613035524667	0.17236872483247787	0.17381935822976186	0.17492798484297364	0.17615961644057795	0.17719368834337215	0.1783621089832781	0.17939461830626194	0.1805893099934555	0.18153922518958313	0.1826725660024027	0.18327341752155613	0.18468804482845588	0.1852005967616355	0.1869950482939578	0.18697519149718295	0.18959954269294058	0.18800600291386613	0.19334461188531543	0.186912313759846	0.1998240350511644	0.18148689436067422	0.21244558964480745	0.1704995395585189	0.22496446144909643	0.17458995406399194	0.1999652892410177	0.2454906659835783

Resumo final
convergiu = false
iteracoes = 3
f_final = 0.2480664684002411
f_final_penalizado = 0.2480664684002411
x_final = [0.1, 0.08949407200831036, 0.10833111743095014, 0.09887151011842586, 0.10720781236611358, 0.10212071462874886, 0.10834308057917585, 0.1051007064226562, 0.1093407105001255, 0.10784339192313751, 0.11091016635799783, 0.11026276556366896, 0.11225599166031433, 0.11308529661857002, 0.11338335412423711, 0.11579755815074665, 0.11484817521308209, 0.11852119861397195, 0.11557071222849936, 0.12230651283850053, 0.11534907646886891, 0.12755804375562185, 0.10981362562481986, 0.08931238846082565, 0.10332711880563529, 0.10411802156370527, 0.12050336766869846, 0.12021669191524245, 0.11938593772549616, 0.11211896564682744, 0.12064636570931625, 0.1234671110168563, 0.12592772914646116, 0.12403268752409956, 0.12487969862152036, 0.12492695756820285, 0.12686324240105995, 0.12744640019667608, 0.13039946268053948, 0.13216277805156587, 0.1329842713921307, 0.1327261291339228, 0.13232356609010099, 0.13405506818039548, 0.1380747813383065, 0.14015529051476086, 0.14124219558370318, 0.1418414457678149, 0.14237098747357388, 0.14389026945999894, 0.14635945745246196, 0.14826529455814952, 0.14960302730348438, 0.15116303064335557, 0.15228881646982112, 0.153711750173177, 0.15456282643020042, 0.15339675651381388, 0.15312707665797215, 0.15528380087328073, 0.15839059975283304, 0.1592193624329177, 0.159237591586843, 0.15968247734003688, 0.16071521658935667, 0.1618058408826201, 0.16382549365476684, 0.16573711288988602, 0.16692782738355474, 0.16788236372194942, 0.1687672075868912, 0.16985478616102487, 0.17079927079900445, 0.17130613035524667, 0.17236872483247787, 0.17381935822976186, 0.17492798484297364, 0.17615961644057795, 0.17719368834337215, 0.1783621089832781, 0.17939461830626194, 0.1805893099934555, 0.18153922518958313, 0.1826725660024027, 0.18327341752155613, 0.18468804482845588, 0.1852005967616355, 0.1869950482939578, 0.18697519149718295, 0.18959954269294058, 0.18800600291386613, 0.19334461188531543, 0.186912313759846, 0.1998240350511644, 0.18148689436067422, 0.21244558964480745, 0.1704995395585189, 0.22496446144909643, 0.17458995406399194, 0.1999652892410177, 0.2454906659835783]
n_pontos_aceitos = 4
